prmtrID	iPS_DE_66h_rep1	iPS_DE_00h_rep1	iPS_DE_96h_rep1	iPS_DE_48h_rep1	iPS_DE_72h_rep1	iPS_DE_60h_rep1	iPS_DE_54h_rep1	iPS_DE_66h_rep2	iPS_DE_00h_rep2	iPS_DE_96h_rep2	iPS_DE_48h_rep2	iPS_DE_72h_rep2	iPS_DE_60h_rep2	iPS_DE_54h_rep2	iPS_DE_66h_rep3	iPS_DE_00h_rep3	iPS_DE_96h_rep3	iPS_DE_48h_rep3	iPS_DE_72h_rep3	iPS_DE_60h_rep3	iPS_DE_54h_rep3
cg00075488	5156.49358	4126.07450	3983.30804	3602.52177	6057.44125	2086.71458	5412.40146	4287.94179	3524.34408	2432.28303	3374.10375	3611.41206	4026.84564	3015.99790	4131.71404	3671.35080	4176.42864	3082.68193	4097.42773	3533.99951	2983.59025
cg00276145	239.83691	114.61318	474.20334	100.07005	104.43864	347.78576	0	0	261.06252	552.79160	0	120.38040	0	0	125.20346	0	101.86411	220.19157	227.63487	0	0
cg00324097	153615.54143	235644.69914	148710.16692	207745.42180	185065.27415	184210.52632	176491.35192	170608.10811	242135.49145	157435.04699	190531.42134	185385.81919	176375.83893	191450.30160	172905.97220	221167.23636	146786.18723	200484.42145	184042.79536	157811.35754	197289.90552
cg00442066	0	0	0	0	0	0	0	0	0	0	0	0	0	0	0	0	0	0	0	0	0
cg00646731	0	0	0	0	104.43864	0	0	0	0	0	0	0	0	0	0	0	0	0	0	0	0
cg00867540	0	0	0	0	0	0	0	0	0	0	0	0	0	0	0	0	0	0	0	121.86205	0
cg01258042	3237.79830	1948.42407	6733.68741	15310.71750	3550.91384	6839.78669	11413.10742	2858.62786	1305.31262	10613.59867	21826.23366	2889.12965	7248.32215	11408.33989	4507.32440	1139.38473	9065.90608	17615.32533	2617.80105	6946.13697	10318.24963
cg01338955	0	0	0	0	0	0	0	129.93763	0	0	0	0	0	0	0	0	0	0	0	0	0
cg01475742	0	0	0	0	104.43864	0	0	0	0	0	0	0	0	0	0	0	0	0	0	0	124.31626
cg01565291	5516.24895	15243.55301	4552.35205	9406.58461	8877.28460	6723.85810	6824.33227	6107.06861	15402.68894	5749.03261	9489.66681	7102.44372	5503.35570	6818.77787	8388.63153	17217.36929	5806.25446	11890.34460	8081.03802	7311.72313	8577.82198
cg01722003	119.91846	0	189.68134	0	104.43864	0	0	129.93763	0	0	105.44074	120.38040	134.22819	0	0	126.59830	203.72823	0	227.63487	121.86205	124.31626
cg02075590	359.75537	0	379.36267	0	208.87728	347.78576	235.32180	259.87526	0	221.11664	105.44074	601.90201	0	262.26069	250.40691	0	509.32057	110.09578	455.26975	243.72410	0
cg02177811	479.67382	458.45272	189.68134	800.56039	313.31593	115.92859	117.66090	0	652.65631	442.23328	527.20371	240.76080	0	1180.17309	500.81382	632.99152	203.72823	330.28735	341.45231	365.58616	248.63252
cg02217731	0	0	94.84067	300.21015	0	115.92859	0	0	0	0	0	0	134.22819	0	0	0	305.59234	0	227.63487	0	124.31626
cg02239163	0	0	0	0	0	0	0	0	0	0	0	0	0	0	0	0	0	0	0	0	0
cg02531059	0	114.61318	0	0	0	231.85718	0	0	0	0	0	0	0	0	0	0	0	0	227.63487	0	0
cg02534167	0	0	0	0	0	115.92859	0	0	0	110.55832	0	0	0	0	125.20346	126.59830	0	0	0	0	0
cg02550627	0	0	0	0	0	0	0	0	0	0	0	0	0	0	0	0	0	0	0	0	0
cg02596153	0	0	0	0	104.43864	0	0	0	0	0	0	0	0	0	125.20346	0	0	110.09578	0	0	0
cg02727723	23024.34345	8137.53582	18588.77086	11608.12569	16501.30548	19128.21702	15648.89987	17541.58004	7048.68816	10724.15699	8857.02235	18779.34272	19328.85906	15079.98951	16777.26305	6583.11179	13446.06295	10899.48255	16958.79809	18523.03193	18025.85778
cg02888745	0	0	0	0	0	0	0	0	0	0	0	0	0	0	0	0	0	0	0	0	0
cg03005087	119.91846	114.61318	284.52200	0	0	0	0	0	130.53126	0	0	361.14121	0	0	0	253.19661	0	0	0	0	0
cg03392837	719.51073	0	3603.94537	100.07005	1253.26371	463.71435	235.32180	1039.50104	0	2211.16639	0	2046.46684	402.68456	262.26069	1126.83110	253.19661	3463.37985	110.09578	1821.07899	121.86205	372.94878
cg03463612	479.67382	0	0	1501.05074	104.43864	347.78576	1058.94811	389.81289	0	221.11664	1159.84817	240.76080	402.68456	2098.08550	375.61037	0	101.86411	2532.20302	455.26975	365.58616	2113.37643
cg03595199	0	0	0	0	0	0	0	0	0	0	0	0	0	0	0	0	0	0	113.81744	0	0
cg03611007	0	0	0	0	0	0	0	0	0	0	0	0	0	131.13034	125.20346	0	101.86411	0	0	0	0
cg03624321	0	0	0	0	0	0	0	0	0	0	0	0	0	0	0	0	0	0	0	0	0
cg03637670	104448.97470	118510.02865	68380.12140	113079.15541	95143.60313	118942.73128	120955.40652	87967.77547	110037.85407	61470.42565	99746.94222	93535.57241	105234.89933	122738.00157	92024.53988	111659.70376	65702.35306	102499.17428	87070.33918	116012.67365	129786.17603
cg03659281	119.91846	0	0	0	104.43864	0	117.66090	0	0	0	0	0	0	0	0	0	0	0	0	0	0
cg03823686	0	0	0	0	0	0	0	0	0	0	0	0	0	0	0	0	0	0	0	0	0
cg03824268	35375.94436	31174.78510	39074.35508	33723.60652	40313.31593	33851.14769	35886.57489	41320.16632	32241.22177	36705.36208	28679.88191	37799.44625	34228.18792	33962.75898	43696.00601	29877.19965	40847.50942	34900.36332	40746.64239	29246.89252	35927.39930
cg03918306	119.91846	0	0	0	0	115.92859	0	129.93763	0	0	0	120.38040	0	0	0	0	0	0	0	0	124.31626
cg04058149	1199.18455	1146.13181	853.56601	1000.70049	1775.45692	1854.85741	1411.93082	1169.43867	783.18757	1326.69983	1159.84817	481.52161	2147.65101	655.65172	626.01728	1012.78643	713.04879	770.67048	1479.62668	974.89642	870.21382
cg04065352	75548.62693	47106.01719	83933.99090	63644.55119	74360.31332	74310.22490	70243.55807	66008.31601	49993.47344	69430.62465	62315.47870	74756.22969	67248.32215	67532.12693	74871.66646	46461.57741	74157.07446	57800.28625	69314.81903	73239.09335	73470.91000
cg04086018	2038.61374	1031.51862	189.68134	200.14010	1671.01828	3130.07188	1529.59172	1949.06445	261.06252	1437.25815	316.32223	2648.36885	2550.33557	1966.95515	3255.28985	886.18813	1018.64113	770.67048	1138.17437	1584.20668	621.58130
cg04163916	0	0	0	0	0	0	0	0	0	0	0	120.38040	0	0	0	0	0	0	0	121.86205	0
cg04396637	20026.38206	46762.17765	12044.76480	33423.39638	13994.77807	18896.35984	28826.92081	16372.14137	37984.59731	16141.51465	33108.39308	14927.16986	20134.22819	24521.37425	17278.07687	43549.81643	15788.93756	32368.16030	14227.17960	23519.37607	27846.84237
cg04424885	2278.45065	1260.74499	1991.65402	1801.26088	1566.57963	811.50012	1529.59172	779.62578	1174.78136	2211.16639	843.52594	601.90201	1476.51007	1835.82481	626.01728	1012.78643	1527.96170	660.57470	1593.44412	1462.34463	1243.16261
cg04497520	0	0	0	0	0	0	0	129.93763	0	0	0	0	0	0	0	0	0	0	0	0	0
cg04588745	0	229.22636	94.84067	0	0	231.85718	0	0	130.53126	0	105.44074	361.14121	0	131.13034	125.20346	126.59830	0	220.19157	0	121.86205	124.31626
cg04625873	0	0	0	0	0	0	0	0	0	0	0	0	0	0	0	0	0	0	0	0	0
cg04944545	0	0	0	0	0	0	0	0	0	0	0	0	0	0	0	0	0	0	0	0	0
cg05145731	0	0	0	0	0	0	0	0	0	0	0	0	0	0	0	0	0	0	0	0	0
cg05293319	0	0	0	0	0	463.71435	0	0	0	0	105.44074	0	0	131.13034	0	0	0	0	0	0	248.63252
cg05495011	0	0	0	0	0	0	0	0	0	0	0	0	0	0	0	0	0	0	0	0	0
cg05572834	0	0	94.84067	0	208.87728	0	0	0	0	110.55832	105.44074	0	0	0	0	0	101.86411	0	113.81744	0	0
cg05619116	23144.26190	26819.48424	12613.80880	19713.79966	23185.37859	20751.21725	21061.30133	21829.52183	29239.00274	13156.44002	21509.91143	27687.49248	22550.33557	22161.02806	23413.04620	26712.24206	12529.28593	19597.04943	19348.96426	27297.09968	18896.07161
cg05799997	0	0	0	0	0	0	0	0	0	0	0	0	0	0	0	0	0	0	0	0	0
cg05990735	1918.69529	0	284.52200	700.49034	1044.38642	2318.57176	1529.59172	2598.75260	130.53126	221.11664	1159.84817	1564.94523	2013.42282	1835.82481	1752.84838	0	814.91291	440.38313	682.90462	1462.34463	2486.32521
cg06073499	0	114.61318	94.84067	400.28020	104.43864	347.78576	352.98270	259.87526	261.06252	0	421.76297	0	268.45638	0	125.20346	126.59830	101.86411	990.86205	113.81744	0	124.31626
cg06213287	7195.10733	1833.81089	9294.38543	5403.78265	6370.75718	6144.21516	5294.74056	6756.75676	2349.56272	8291.87396	4112.18895	5296.73769	7516.77852	3409.38893	5884.56241	1898.97455	8454.72140	3853.35242	4780.33235	7067.99903	6091.49677
cg06249753	0	0	0	0	0	115.92859	117.66090	0	0	0	0	0	0	0	125.20346	0	101.86411	0	113.81744	0	124.31626
cg06381587	2158.53220	0	569.04401	700.49034	1357.70235	1391.14306	470.64361	1039.50104	130.53126	1658.37479	1054.40742	963.04322	1342.28188	917.91240	1377.23801	0	1120.50525	770.67048	1251.99181	1218.62052	1118.84635
cg06461649	0	0	189.68134	0	0	0	0	129.93763	0	0	0	0	0	0	0	0	0	0	0	0	0
cg06520258	0	0	0	0	0	0	0	0	0	0	0	0	0	0	0	0	0	0	0	0	0
cg06532789	0	0	0	0	104.43864	0	0	0	0	0	0	0	0	0	0	0	0	0	0	0	0
cg06635832	0	229.22636	94.84067	0	0	0	117.66090	0	130.53126	110.55832	0	240.76080	134.22819	131.13034	0	253.19661	0	220.19157	227.63487	121.86205	124.31626
cg06713259	119.91846	573.06590	1043.24734	400.28020	835.50914	463.71435	0	259.87526	0	663.34992	421.76297	361.14121	134.22819	131.13034	500.81382	126.59830	1324.23347	0	1024.35693	0	124.31626
cg06763641	599.59228	0	0	100.07005	208.87728	0	0	129.93763	0	0	0	120.38040	134.22819	0	125.20346	0	0	0	0	0	124.31626
cg06806041	0	0	189.68134	0	104.43864	115.92859	0	0	0	221.11664	0	120.38040	402.68456	0	125.20346	0	305.59234	0	113.81744	121.86205	372.94878
cg07262620	2038.61374	0	284.52200	700.49034	1044.38642	2318.57176	1411.93082	2598.75260	130.53126	221.11664	1159.84817	1564.94523	2013.42282	1966.95515	1752.84838	0	814.91291	440.38313	682.90462	1462.34463	2486.32521
cg07428136	0	0	0	100.07005	0	0	117.66090	129.93763	0	0	0	0	0	0	125.20346	0	101.86411	0	0	121.86205	0
cg07499899	0	0	0	0	0	0	0	0	0	0	0	0	0	0	0	0	0	110.09578	0	0	0
cg07843309	0	0	189.68134	0	0	0	0	129.93763	0	331.67496	0	240.76080	0	0	0	0	203.72823	0	227.63487	121.86205	124.31626
cg07938459	0	0	0	0	0	0	0	0	130.53126	0	0	0	0	0	0	126.59830	0	0	113.81744	0	0
cg08145798	0	229.22636	0	100.07005	0	115.92859	0	0	130.53126	110.55832	0	0	0	131.13034	125.20346	253.19661	203.72823	220.19157	0	0	124.31626
cg08491843	479.67382	0	189.68134	200.14010	313.31593	347.78576	470.64361	389.81289	261.06252	0	0	120.38040	134.22819	0	0	0	0	220.19157	227.63487	243.72410	0
cg08511886	239.83691	343.83954	379.36267	300.21015	417.75457	347.78576	117.66090	129.93763	130.53126	110.55832	316.32223	240.76080	134.22819	262.26069	375.61037	126.59830	203.72823	110.09578	113.81744	243.72410	248.63252
cg08573199	0	0	0	0	0	0	0	0	0	0	0	0	0	0	0	0	0	0	0	0	124.31626
cg08573409	0	114.61318	0	0	104.43864	0	0	0	0	0	0	0	268.45638	131.13034	0	0	0	0	113.81744	0	124.31626
cg08591265	599.59228	0	474.20334	100.07005	208.87728	347.78576	0	129.93763	0	110.55832	0	120.38040	805.36913	0	375.61037	126.59830	203.72823	110.09578	682.90462	609.31026	497.26504
cg08697985	0	0	0	0	0	0	0	0	0	0	0	0	0	0	0	0	0	0	0	0	0
cg08805158	959.34764	229.22636	474.20334	800.56039	835.50914	347.78576	705.96541	259.87526	391.59379	552.79160	738.08520	601.90201	805.36913	1180.17309	626.01728	126.59830	407.45645	990.86205	569.08718	121.86205	372.94878
cg08850922	0	0	0	0	0	0	0	0	261.06252	0	0	0	0	0	0	0	0	0	0	0	0
cg08895590	0	0	189.68134	0	0	0	0	0	0	110.55832	0	120.38040	0	0	0	0	203.72823	0	0	121.86205	124.31626
cg08975360	1558.93992	343.83954	569.04401	1100.77054	1775.45692	695.57153	823.62631	1039.50104	0	221.11664	1159.84817	722.28241	536.91275	655.65172	1752.84838	886.18813	305.59234	1100.95783	682.90462	1096.75847	1118.84635
cg09180564	0	0	0	0	104.43864	0	0	0	0	0	0	0	0	0	0	0	0	0	0	0	0
cg09221924	0	0	0	0	0	0	117.66090	0	0	0	0	0	0	0	0	0	0	0	0	0	0
cg09309261	0	0	0	0	0	0	0	0	130.53126	0	0	0	0	0	0	0	0	0	0	0	0
cg09327847	12471.51937	16962.75072	8440.81942	21314.92044	12219.32115	16577.78808	20943.64043	15072.76507	18143.84545	8291.87396	22775.20034	11315.75779	20939.59732	20587.46394	10391.88682	15951.38625	7130.48793	22459.53980	12178.46574	18279.30782	18398.80656
cg09425247	0	114.61318	0	0	0	0	0	0	0	221.11664	0	0	0	0	0	0	0	0	0	121.86205	0
cg09574009	0	0	0	0	0	0	0	0	0	0	0	0	0	0	0	0	0	0	0	0	0
cg09592121	34656.43363	55128.93983	37556.90440	42829.98099	40626.63185	35821.93369	36592.54030	30535.34304	59913.84937	40353.78662	43652.46731	37799.44625	33154.36242	34749.54104	34806.56066	62159.76706	41866.15056	41065.72718	41088.09470	37167.92591	33814.02287
cg09623010	0	0	0	0	0	0	0	0	0	0	0	0	0	0	0	0	0	0	0	0	0
cg09723679	119.91846	229.22636	379.36267	100.07005	104.43864	347.78576	470.64361	519.75052	391.59379	331.67496	316.32223	481.52161	268.45638	131.13034	375.61037	126.59830	305.59234	330.28735	341.45231	609.31026	372.94878
cg09790325	0	0	0	0	0	115.92859	0	0	0	0	0	0	0	0	0	0	0	0	0	0	0
cg09912512	0	0	0	0	0	115.92859	0	0	0	0	0	0	0	0	0	126.59830	0	0	0	0	0
cg10087448	0	0	0	0	0	0	0	0	0	0	0	0	0	0	0	0	0	0	0	0	0
cg10093308	0	0	0	0	0	0	0	0	0	0	0	0	0	0	0	0	0	0	0	0	0
cg10603156	119.91846	0	284.52200	100.07005	0	231.85718	0	0	261.06252	0	105.44074	0	134.22819	0	125.20346	126.59830	305.59234	0	0	121.86205	0
cg10605269	14390.21465	13982.80802	25322.45827	9406.58461	12428.19843	11476.93021	12001.41193	15592.51559	11486.75108	25981.20509	11282.15943	12880.70302	13154.36242	11670.60058	16026.04232	11900.24054	24752.97953	9798.52472	14568.63191	15354.61857	10939.83093
cg10671950	0	114.61318	0	0	0	0	0	0	0	0	0	0	0	0	0	0	0	0	0	0	0
cg10828910	959.34764	229.22636	1043.24734	0	731.07050	231.85718	117.66090	0	130.53126	663.34992	105.44074	481.52161	671.14094	262.26069	751.22073	126.59830	203.72823	440.38313	1138.17437	365.58616	745.89756
cg10885779	119.91846	0	474.20334	0	104.43864	0	235.32180	0	0	442.23328	0	240.76080	0	0	125.20346	0	407.45645	0	0	0	0
cg11058691	0	0	0	0	0	0	0	0	0	0	105.44074	0	0	0	0	0	0	0	0	0	0
cg11259152	0	0	0	0	0	0	0	0	0	0	0	0	0	0	0	0	0	0	0	0	0
cg11586360	239.83691	0	474.20334	0	522.19321	0	117.66090	389.81289	0	221.11664	0	481.52161	134.22819	131.13034	125.20346	0	305.59234	0	682.90462	243.72410	0
cg11610703	0	0	189.68134	0	0	0	0	129.93763	130.53126	0	105.44074	120.38040	268.45638	0	125.20346	126.59830	203.72823	0	0	243.72410	124.31626
cg11745838	36335.29200	45386.81948	83744.30956	25517.86250	38120.10444	25504.28936	26003.05918	40280.66528	47643.91072	89110.00553	26360.18558	40688.57590	26979.86577	24652.50459	35307.37448	47474.36384	86482.63217	30496.53198	46551.33166	28515.72020	25857.78220
cg11808745	0	0	0	0	0	0	0	0	0	0	0	120.38040	0	0	0	0	0	0	0	0	0
cg11846636	0	0	0	0	0	0	235.32180	0	0	0	0	0	134.22819	0	0	0	0	0	0	0	0
cg11969813	0	114.61318	0	0	0	0	0	0	0	0	0	0	0	0	0	0	0	0	113.81744	0	0
cg11987802	0	0	0	0	0	0	0	0	0	0	0	0	0	0	0	0	0	0	0	0	0
cg12059894	0	0	94.84067	0	0	347.78576	117.66090	0	0	110.55832	0	0	0	131.13034	250.40691	126.59830	101.86411	330.28735	341.45231	243.72410	0
cg12078931	0	0	0	0	0	0	0	0	0	0	0	0	0	0	0	0	0	0	0	121.86205	0
cg12159464	479.67382	0	94.84067	300.21015	522.19321	463.71435	0	0	0	110.55832	210.88148	120.38040	536.91275	262.26069	0	126.59830	101.86411	110.09578	341.45231	365.58616	124.31626
cg12165841	0	0	0	0	0	0	0	0	130.53126	0	0	0	0	0	0	0	0	0	0	0	0
cg12286158	2158.53220	1260.74499	2086.49469	1801.26088	1044.38642	811.50012	1882.57442	2858.62786	913.71884	1768.93311	1687.05188	1203.80402	1744.96644	1573.56412	3004.88293	506.39321	1527.96170	1981.72410	1821.07899	1827.93078	870.21382
cg12349027	0	0	0	100.07005	0	0	0	0	0	0	105.44074	0	0	0	0	0	0	0	0	0	0
cg12548555	0	0	0	0	0	0	0	0	0	0	0	0	0	0	0	0	0	0	0	0	0
cg12765567	42091.37786	36561.60458	37462.06373	40528.36986	41566.57963	41270.57732	34945.28768	40540.54054	36157.15964	35820.89552	40805.56727	39845.91309	39060.40268	37503.27826	39313.88506	35827.31991	39115.81950	39304.19465	39153.19827	37777.23617	37667.82695
cg12938068	239.83691	114.61318	0	100.07005	313.31593	115.92859	470.64361	129.93763	261.06252	331.67496	316.32223	361.14121	536.91275	131.13034	626.01728	759.58982	203.72823	0	569.08718	609.31026	372.94878
cg12968741	100851.42103	58911.17479	81088.77086	95767.03693	73838.12010	85787.15511	91893.16390	101091.47609	63829.78723	83250.41459	102699.28300	80293.72818	103489.93289	86939.41778	105045.69926	64944.92974	90557.19670	102499.17428	82745.27658	106507.43359	74962.70512
cg13235761	2278.45065	3209.16905	16502.27618	2401.68118	4804.17755	1738.92882	2353.21803	2598.75260	1957.96893	18684.35600	2214.25559	3491.03166	1610.73826	1442.43378	3380.49330	2911.76098	15687.07344	2312.01145	4552.69747	1827.93078	2983.59025
cg13430534	0	0	94.84067	0	0	0	0	0	0	110.55832	0	0	0	0	0	0	0	0	0	0	0
cg13557337	119.91846	0	0	0	0	0	0	259.87526	0	0	210.88148	0	134.22819	0	0	0	0	0	0	121.86205	0
cg13739312	119.91846	114.61318	189.68134	0	0	0	0	129.93763	0	221.11664	0	0	0	131.13034	0	0	101.86411	0	0	0	0
cg13880598	0	0	0	0	0	0	0	0	0	0	0	0	0	0	0	0	0	0	0	0	0
cg14087697	479.67382	2177.65043	379.36267	900.63044	313.31593	579.64294	823.62631	909.56341	652.65631	331.67496	843.52594	601.90201	0	786.78206	250.40691	1519.17964	101.86411	550.47892	341.45231	243.72410	870.21382
cg14093252	239.83691	0	284.52200	100.07005	208.87728	115.92859	0	0	0	1547.81647	210.88148	120.38040	134.22819	0	250.40691	0	1324.23347	0	227.63487	121.86205	124.31626
cg14172482	108885.95755	89512.89398	133915.02276	104573.20124	113524.80418	110479.94435	109542.29909	114864.86486	88239.13327	135544.49972	114824.96837	118815.45684	111275.16779	109231.57619	107549.76837	100772.24965	135377.40654	105031.37730	117801.04712	105166.95101	99080.05967
cg14228830	0	114.61318	0	400.28020	104.43864	0	470.64361	129.93763	130.53126	0	0	0	268.45638	0	0	0	0	110.09578	113.81744	0	0
cg14331765	599.59228	0	1517.45068	0	1044.38642	463.71435	117.66090	129.93763	0	995.02488	105.44074	481.52161	536.91275	131.13034	250.40691	0	1120.50525	110.09578	569.08718	487.44821	372.94878
cg14391978	0	0	0	0	0	0	0	0	0	0	0	120.38040	0	0	0	0	0	0	0	0	0
cg14857865	0	0	0	0	0	115.92859	117.66090	0	0	0	0	0	0	0	125.20346	0	0	0	0	0	0
cg14900145	119.91846	114.61318	284.52200	0	104.43864	463.71435	0	129.93763	130.53126	331.67496	210.88148	120.38040	671.14094	131.13034	0	506.39321	101.86411	110.09578	227.63487	121.86205	124.31626
cg15074930	0	0	0	100.07005	0	0	0	0	0	221.11664	0	0	0	131.13034	0	0	0	0	0	0	0
cg15078203	0	0	0	0	0	0	0	0	0	0	0	0	0	0	0	0	0	0	0	0	0
cg15252682	599.59228	573.06590	474.20334	400.28020	1148.82507	695.57153	1176.60901	779.62578	522.12505	221.11664	1265.28891	1083.42362	1208.05369	393.39103	751.22073	506.39321	407.45645	660.57470	682.90462	365.58616	870.21382
cg15409126	0	229.22636	0	200.14010	0	0	0	0	0	110.55832	0	120.38040	0	0	250.40691	0	0	110.09578	113.81744	243.72410	0
cg15781627	479.67382	114.61318	663.88467	0	522.19321	463.71435	470.64361	259.87526	0	995.02488	738.08520	722.28241	268.45638	262.26069	500.81382	126.59830	203.72823	330.28735	341.45231	121.86205	372.94878
cg15803972	0	0	0	0	0	0	0	0	0	221.11664	0	0	0	0	0	0	0	0	0	0	0
cg15822656	0	0	0	0	0	0	0	0	0	110.55832	0	0	0	0	0	126.59830	0	110.09578	0	0	0
cg15899242	0	0	0	0	0	0	0	0	0	0	0	0	0	0	0	0	0	0	0	0	0
cg15907288	0	0	0	0	0	115.92859	0	129.93763	0	0	0	0	0	0	0	0	0	0	0	0	0
cg16110131	479.67382	0	189.68134	0	104.43864	0	0	129.93763	0	110.55832	0	0	0	0	0	0	0	0	113.81744	121.86205	0
cg16239717	13430.86701	10315.18625	14131.25948	4603.22226	13994.77807	13911.43056	7059.65408	13773.38877	8354.00078	13377.55666	4112.18895	13602.98543	10872.48322	7474.42958	13146.36284	8861.88125	13242.33473	4624.02290	13999.54473	13892.27395	10566.88215
cg16297799	0	0	0	0	0	0	0	0	0	0	0	0	0	0	0	0	0	0	0	0	0
cg16375198	0	0	0	0	0	0	0	0	0	0	0	0	0	0	0	0	0	0	0	0	0
cg16456182	0	0	189.68134	100.07005	104.43864	0	0	0	0	0	210.88148	0	0	0	0	0	0	0	0	121.86205	124.31626
cg16617297	119.91846	0	0	400.28020	0	0	235.32180	0	0	0	316.32223	240.76080	134.22819	0	250.40691	0	203.72823	330.28735	0	121.86205	0
cg16859420	0	0	189.68134	0	104.43864	0	0	0	0	0	0	240.76080	0	0	0	253.19661	101.86411	110.09578	113.81744	0	0
cg16912114	46768.19763	42521.48997	36039.45372	46132.29260	43759.79112	43705.07767	51417.81386	50935.55094	37984.59731	33830.84577	48924.50443	40327.43469	47382.55034	51534.22502	45448.85439	39372.07241	32392.78802	47781.56997	43819.71318	47160.61418	47115.86275
cg17159581	0	0	0	0	0	0	0	0	0	0	0	0	0	0	0	0	0	0	0	0	0
cg17284119	0	114.61318	0	0	0	0	0	0	0	110.55832	0	120.38040	134.22819	131.13034	0	0	0	0	113.81744	0	124.31626
cg17334836	0	0	0	0	0	0	0	0	0	0	0	0	0	0	0	0	101.86411	0	0	0	0
cg17383678	0	0	0	0	0	0	0	0	130.53126	0	0	120.38040	0	0	0	0	101.86411	0	0	0	0
cg17608044	0	0	0	0	0	0	0	0	0	0	0	0	0	0	0	0	0	110.09578	0	0	0
cg17632590	0	0	0	0	0	0	0	129.93763	0	0	0	0	0	0	0	0	0	0	0	0	0
cg17654094	0	0	94.84067	0	0	0	0	0	0	0	0	0	0	0	0	126.59830	0	0	0	0	124.31626
cg17730039	119.91846	0	0	100.07005	104.43864	347.78576	0	0	0	221.11664	210.88148	120.38040	134.22819	262.26069	0	0	101.86411	110.09578	0	121.86205	248.63252
cg17732216	0	0	94.84067	0	0	0	0	0	0	0	105.44074	0	0	0	0	0	0	0	0	0	124.31626
cg17819732	0	0	0	0	0	0	0	0	0	0	0	0	0	0	0	0	0	0	0	0	0
cg17960012	3117.87984	3209.16905	2181.33536	2801.96137	2506.52742	2782.28611	2235.55712	3638.25364	4177.00039	1658.37479	1792.49262	2407.60804	2416.10738	2884.86756	2003.25529	2531.96607	1426.09759	2091.81988	2959.25336	3046.55130	1491.79513
cg18026754	0	114.61318	0	0	0	0	0	0	0	0	0	0	0	0	0	0	0	0	0	0	0
cg18066182	0	0	0	0	104.43864	0	0	0	0	0	0	0	0	0	0	0	0	0	0	0	0
cg18281910	0	0	0	0	0	0	0	0	0	0	0	0	0	0	0	0	0	0	0	0	0
cg18295201	0	0	94.84067	0	104.43864	0	0	0	0	0	0	0	0	0	0	0	0	0	113.81744	0	0
cg18312118	239.83691	0	94.84067	0	835.50914	347.78576	352.98270	389.81289	0	442.23328	105.44074	240.76080	402.68456	262.26069	500.81382	0	101.86411	0	0	243.72410	124.31626
cg18363294	0	0	0	0	0	0	0	0	0	0	0	0	0	0	0	0	0	0	0	0	0
cg18385689	0	0	0	0	0	0	0	0	0	0	0	0	0	0	0	0	0	0	113.81744	0	0
cg18425869	359.75537	0	474.20334	100.07005	522.19321	347.78576	352.98270	129.93763	0	663.34992	105.44074	481.52161	268.45638	131.13034	500.81382	0	305.59234	0	113.81744	243.72410	248.63252
cg18488651	5516.24895	5386.81948	5785.28073	5503.85270	9921.67102	8926.50128	8236.26309	9875.25988	4177.00039	7739.08237	5904.68157	9510.05176	8456.37584	7212.16890	8764.24189	4684.13723	6723.03148	5394.69338	8991.57751	6458.68876	5967.18051
cg18512336	1199.18455	1031.51862	1422.61002	1400.98069	2402.08877	2086.71458	1058.94811	909.56341	1305.31262	995.02488	1265.28891	1685.32563	1073.82550	786.78206	1001.62764	2278.76946	814.91291	1981.72410	910.53949	1096.75847	1864.74391
cg18842353	119.91846	0	0	0	104.43864	115.92859	0	0	0	0	0	0	0	262.26069	0	0	101.86411	0	0	0	124.31626
cg18881962	0	0	0	0	0	0	0	0	0	0	0	0	0	131.13034	0	0	0	0	113.81744	0	0
cg18962915	17867.84986	8710.60172	4457.51138	6304.41309	11174.93473	12172.50174	8236.26309	16502.07900	10181.43845	4201.21614	5482.91860	11556.51860	14228.18792	9441.38474	15274.82159	11520.44563	4278.29276	6605.74700	11495.56112	15598.34268	12680.25858
cg18986305	479.67382	114.61318	948.40668	600.42029	313.31593	231.85718	235.32180	649.68815	0	1216.14151	316.32223	722.28241	268.45638	393.39103	0	0	509.32057	110.09578	910.53949	243.72410	497.26504
cg19055394	36455.21046	35415.47278	42773.14112	26918.84319	42402.08877	38488.29121	38592.77562	49116.42412	40856.28508	50304.03538	32264.86714	44540.74877	39731.54362	41699.44925	39814.69889	41777.44018	48283.58969	33579.21392	48144.77578	37289.78796	36300.34809
cg19361800	0	0	0	0	0	0	0	0	0	0	0	0	0	0	0	0	0	0	0	0	0
cg19441779	0	0	0	0	0	0	0	0	0	0	0	0	0	0	0	0	0	0	0	0	0
cg19645639	0	0	94.84067	100.07005	104.43864	0	0	0	0	110.55832	210.88148	361.14121	134.22819	0	0	0	305.59234	0	227.63487	0	0
cg20002209	119.91846	0	0	0	0	231.85718	0	0	0	0	0	0	0	0	0	0	0	0	0	0	124.31626
cg20012601	4796.73822	114.61318	2465.85736	1601.12078	2297.65013	2202.64317	1764.91352	2728.69023	391.59379	1768.93311	1370.72965	2648.36885	3087.24832	2098.08550	3756.10367	0	3055.92340	1761.53253	2276.34874	2437.24104	1989.06017
cg20517614	0	0	0	0	104.43864	0	117.66090	0	0	0	0	0	0	0	0	0	0	0	0	0	0
cg20729622	959.34764	114.61318	758.72534	700.49034	1775.45692	347.78576	705.96541	779.62578	261.06252	1216.14151	421.76297	601.90201	671.14094	917.91240	500.81382	0	509.32057	550.47892	1479.62668	243.72410	497.26504
cg20992011	119.91846	229.22636	189.68134	0	208.87728	0	235.32180	0	130.53126	110.55832	210.88148	120.38040	268.45638	131.13034	0	0	305.59234	440.38313	227.63487	243.72410	0
cg21194128	0	0	189.68134	0	0	0	0	0	0	331.67496	0	0	0	0	125.20346	0	0	0	0	0	0
cg21567502	0	0	0	0	0	0	0	0	0	0	0	0	0	0	0	0	0	0	0	0	0
cg21654974	239.83691	1375.35817	379.36267	0	104.43864	231.85718	0	0	783.18757	442.23328	210.88148	0	134.22819	0	125.20346	759.58982	509.32057	0	113.81744	0	0
cg21781988	599.59228	114.61318	189.68134	0	731.07050	347.78576	235.32180	129.93763	130.53126	221.11664	210.88148	120.38040	134.22819	262.26069	500.81382	253.19661	203.72823	220.19157	227.63487	121.86205	248.63252
cg21817212	0	0	0	0	0	0	0	0	0	0	0	0	0	0	0	0	0	0	0	0	0
cg22176120	0	0	0	100.07005	0	0	0	0	0	0	0	0	0	0	0	0	0	0	0	0	0
cg22193146	119.91846	0	284.52200	0	208.87728	0	0	129.93763	130.53126	0	0	0	0	0	125.20346	0	0	110.09578	0	0	0
cg22251024	0	0	0	0	0	0	0	0	0	0	0	0	0	0	0	0	0	0	0	0	0
cg22482700	839.42919	687.67908	758.72534	200.14010	522.19321	347.78576	117.66090	779.62578	652.65631	442.23328	0	361.14121	268.45638	393.39103	500.81382	1139.38473	407.45645	110.09578	682.90462	365.58616	372.94878
cg22571544	119.91846	0	0	0	0	0	0	0	0	0	0	0	0	0	0	0	0	0	0	0	0
cg23011905	119.91846	343.83954	0	0	0	0	0	0	0	221.11664	0	120.38040	0	0	0	0	0	0	227.63487	0	0
cg23023970	1918.69529	687.67908	474.20334	4503.15221	2297.65013	3130.07188	2235.55712	2079.00208	652.65631	773.90824	4955.71489	1564.94523	2550.33557	2753.73721	2253.66220	253.19661	713.04879	3523.06507	1593.44412	3412.13746	1864.74391
cg23245885	0	0	0	0	0	0	0	259.87526	0	0	105.44074	0	0	0	0	0	0	0	0	0	0
cg23461741	0	0	0	0	0	0	117.66090	0	0	0	0	0	0	0	0	0	0	0	0	121.86205	0
cg23502298	12231.68246	4126.07450	6354.32473	8205.74402	9399.47781	9274.28704	9765.85481	8575.88358	4438.06292	5859.59093	10754.95571	10713.85578	9261.74497	8916.86336	8263.42807	3671.35080	5093.20566	10569.19520	9446.84726	10358.27443	7956.24068
cg23511694	0	0	94.84067	100.07005	0	0	0	0	0	0	105.44074	120.38040	0	0	0	0	0	0	0	243.72410	124.31626
cg23535950	0	0	94.84067	0	0	0	235.32180	0	0	0	0	120.38040	0	0	0	0	0	0	0	121.86205	0
cg23638049	1079.26610	1260.74499	663.88467	1300.91064	1148.82507	1623.00023	1294.26991	1169.43867	1044.25010	1437.25815	1159.84817	963.04322	1073.82550	786.78206	1252.03456	886.18813	1120.50525	1431.24518	1138.17437	974.89642	870.21382
cg23949524	359.75537	114.61318	663.88467	500.35025	417.75457	0	235.32180	129.93763	0	552.79160	0	240.76080	134.22819	131.13034	125.20346	126.59830	101.86411	0	227.63487	121.86205	248.63252
cg24085073	0	0	0	0	0	0	0	0	0	0	0	0	0	131.13034	0	0	0	0	0	0	0
cg24119812	0	343.83954	0	0	208.87728	0	0	129.93763	0	0	210.88148	0	402.68456	131.13034	0	506.39321	0	0	0	121.86205	248.63252
cg24226687	0	0	0	0	0	0	0	0	0	0	0	0	0	0	0	0	0	0	0	0	0
cg24242856	0	0	0	0	104.43864	0	0	0	0	0	0	0	0	0	0	0	0	0	0	0	0
cg24322333	0	0	0	0	0	0	0	0	0	110.55832	0	0	0	0	0	0	0	0	0	0	0
cg24465367	119.91846	114.61318	0	100.07005	104.43864	0	117.66090	0	0	0	0	120.38040	134.22819	0	125.20346	126.59830	0	0	113.81744	0	0
cg24640561	359.75537	0	94.84067	0	417.75457	115.92859	352.98270	129.93763	0	0	0	240.76080	268.45638	131.13034	0	0	407.45645	110.09578	113.81744	365.58616	124.31626
cg24688946	0	114.61318	0	0	0	0	117.66090	129.93763	261.06252	0	105.44074	240.76080	0	131.13034	125.20346	0	101.86411	0	0	0	0
cg24836072	0	0	0	0	0	0	0	0	0	0	0	0	0	0	0	0	0	0	0	0	0
cg24852079	0	0	0	0	0	0	0	0	0	0	0	0	0	0	0	126.59830	0	0	0	0	0
cg25145905	8034.53652	13295.12894	14415.78149	10107.07495	9503.91645	7767.21540	7177.31498	6886.69439	14750.03263	11940.29851	9278.78532	9148.91056	6711.40940	6687.64752	8889.44535	15824.78795	11103.18835	10238.90785	8991.57751	7067.99903	7956.24068
cg25723806	0	0	94.84067	0	0	0	0	129.93763	0	110.55832	0	0	0	0	0	0	0	0	0	0	0
cg25773695	0	0	0	0	0	0	0	0	0	110.55832	105.44074	0	0	0	0	0	0	0	0	0	0
cg25813965	359.75537	0	94.84067	0	417.75457	115.92859	352.98270	129.93763	0	0	0	240.76080	268.45638	131.13034	0	0	407.45645	110.09578	113.81744	365.58616	124.31626
cg26020069	239.83691	114.61318	948.40668	500.35025	208.87728	811.50012	352.98270	389.81289	0	663.34992	738.08520	842.66281	671.14094	131.13034	500.81382	0	814.91291	220.19157	682.90462	853.03437	497.26504
cg26049501	0	0	0	0	0	0	0	0	0	0	0	0	0	0	0	0	0	220.19157	0	0	124.31626
cg26156279	119.91846	0	94.84067	0	0	115.92859	0	0	0	0	0	240.76080	0	0	125.20346	126.59830	0	0	0	0	0
cg26164712	359.75537	0	189.68134	0	0	115.92859	0	0	0	331.67496	0	120.38040	0	0	125.20346	0	0	0	0	121.86205	0
cg26273742	239.83691	0	0	0	417.75457	115.92859	705.96541	129.93763	0	110.55832	105.44074	120.38040	671.14094	262.26069	125.20346	0	305.59234	110.09578	455.26975	487.44821	0
cg26314240	359.75537	114.61318	0	100.07005	0	347.78576	235.32180	0	0	0	0	0	268.45638	393.39103	250.40691	126.59830	509.32057	0	113.81744	121.86205	372.94878
cg26541587	0	0	0	0	0	0	0	0	0	0	0	0	0	0	0	0	0	0	0	0	0
cg26625211	239.83691	0	189.68134	0	104.43864	115.92859	470.64361	129.93763	130.53126	110.55832	105.44074	240.76080	268.45638	393.39103	250.40691	0	203.72823	110.09578	113.81744	365.58616	248.63252
cg26804299	0	0	0	0	0	0	0	0	0	0	0	0	0	0	0	0	0	0	0	0	0
cg26856631	0	0	0	0	0	0	0	0	0	0	0	0	0	0	0	126.59830	0	0	0	0	0
cg26963795	119.91846	0	1327.76935	100.07005	1044.38642	231.85718	352.98270	129.93763	0	1326.69983	0	963.04322	134.22819	131.13034	250.40691	0	611.18468	0	1251.99181	121.86205	124.31626
cg27047353	479.67382	114.61318	0	200.14010	0	0	117.66090	129.93763	130.53126	0	105.44074	0	402.68456	0	125.20346	0	101.86411	220.19157	113.81744	0	248.63252
cg27123273	1079.26610	0	569.04401	400.28020	417.75457	811.50012	352.98270	389.81289	130.53126	773.90824	843.52594	601.90201	536.91275	655.65172	0	0	814.91291	440.38313	910.53949	731.17231	994.53008
cg27148529	0	0	0	0	104.43864	115.92859	117.66090	129.93763	0	0	0	0	0	131.13034	0	0	0	0	227.63487	0	0
cg27209741	0	0	0	0	208.87728	0	0	0	0	442.23328	0	0	0	131.13034	0	0	101.86411	0	0	121.86205	0
cg27245185	959.34764	229.22636	94.84067	0	1253.26371	927.42870	235.32180	649.68815	391.59379	110.55832	527.20371	842.66281	536.91275	393.39103	751.22073	253.19661	407.45645	330.28735	455.26975	1096.75847	621.58130
cg27289137	1079.26610	0	2181.33536	500.35025	2506.52742	1854.85741	235.32180	1949.06445	130.53126	995.02488	316.32223	1564.94523	805.36913	393.39103	2128.45875	506.39321	1935.41815	220.19157	1251.99181	1462.34463	248.63252
cg27406433	0	0	0	0	104.43864	115.92859	235.32180	0	0	110.55832	105.44074	120.38040	402.68456	131.13034	0	0	0	110.09578	227.63487	609.31026	248.63252
cg27477067	0	0	0	0	0	0	0	0	0	0	0	0	0	0	0	0	0	0	0	0	0
cg27650500	0	0	0	0	0	115.92859	0	0	0	0	105.44074	0	0	0	0	0	0	220.19157	0	0	0
ch.17.49517645R	0	0	0	100.07005	0	0	0	0	0	0	0	0	0	0	0	0	0	0	0	0	0
ch.6.106373286R	599.59228	229.22636	948.40668	100.07005	417.75457	347.78576	235.32180	389.81289	130.53126	552.79160	210.88148	601.90201	268.45638	262.26069	500.81382	253.19661	713.04879	0	455.26975	0	124.31626
ch.7.1264585R	239.83691	0	474.20334	100.07005	208.87728	115.92859	470.64361	0	130.53126	773.90824	210.88148	240.76080	0	0	250.40691	0	305.59234	220.19157	569.08718	365.58616	248.63252
ch.7.2011899F	719.51073	0	758.72534	200.14010	731.07050	231.85718	823.62631	649.68815	130.53126	773.90824	316.32223	481.52161	939.59732	786.78206	1001.62764	126.59830	509.32057	660.57470	682.90462	609.31026	870.21382
ch.8.1820050F	0	0	0	0	0	0	117.66090	0	0	0	0	0	0	0	0	0	0	0	0	0	0
ch.8.669769F	0	0	94.84067	100.07005	0	0	0	0	0	0	0	0	0	0	0	0	0	110.09578	0	0	0
