prmtrID	iPS_DE_66h_rep1	iPS_DE_00h_rep1	iPS_DE_96h_rep1	iPS_DE_48h_rep1	iPS_DE_72h_rep1	iPS_DE_60h_rep1	iPS_DE_54h_rep1	iPS_DE_66h_rep2	iPS_DE_00h_rep2	iPS_DE_96h_rep2	iPS_DE_48h_rep2	iPS_DE_72h_rep2	iPS_DE_60h_rep2	iPS_DE_54h_rep2	iPS_DE_66h_rep3	iPS_DE_00h_rep3	iPS_DE_96h_rep3	iPS_DE_48h_rep3	iPS_DE_72h_rep3	iPS_DE_60h_rep3	iPS_DE_54h_rep3
cg00075488	158.90672	0	0	0	0	0	156.25000	167.86973	171.73278	126.29452	0	0	0	0	0	161.29032	0	0	144.86455	0	0
cg00276145	4290.48149	2631.57895	7907.33935	21528.07092	4483.12236	9170.03419	15156.25000	3693.13413	1717.32784	12124.27381	28690.22869	3552.92376	9816.39702	14920.25382	5685.40745	1451.61290	10677.86443	23367.89835	3331.88469	9137.54408	14315.28113
cg00591890	0	0	0	0	0	0	0	0	0	0	0	0	0	0	0	0	0	0	0	0	0
cg00851208	0	0	0	0	131.85654	0	0	167.86973	0	0	0	0	181.78513	0	0	161.29032	0	0	0	0	0
cg00919068	0	0	0	0	0	0	0	0	0	0	0	0	0	0	0	0	0	0	0	0	0
cg01258042	0	0	0	0	0	0	0	0	0	0	0	0	0	0	0	0	0	0	0	0	0
cg01338955	0	154.79876	0	0	0	310.84862	0	0	0	0	0	0	0	0	0	0	0	0	289.72910	0	0
cg01475742	0	0	0	0	0	0	0	0	0	0	0	0	0	0	0	0	0	0	0	0	0
cg01530639	0	0	0	0	0	0	0	0	0	0	0	0	0	0	0	0	0	0	0	0	0
cg01748496	30510.09058	10990.71207	21828.71144	16321.93612	20833.33333	25645.01088	20781.25000	22662.41397	9273.57032	12250.56833	11642.41164	23094.00444	26177.05872	19722.17458	21162.34997	8387.09677	15836.83263	14458.88710	21584.81819	24366.78423	25008.62366
cg01936472	0	0	0	140.70635	0	155.42431	0	335.73947	0	126.29452	0	148.03849	0	0	0	161.29032	119.97600	0	0	160.30779	172.47327
cg02362016	635.62689	0	0	2110.59519	131.85654	466.27293	1406.25000	503.60920	0	252.58904	1524.60152	296.07698	545.35539	2743.95472	473.78395	0	119.97600	3359.13539	579.45821	480.92337	2932.04553
cg02393264	0	0	0	0	0	0	0	0	0	0	0	0	0	0	0	0	0	0	144.86455	0	0
cg03005087	158.90672	0	0	0	0	0	0	0	0	0	138.60014	0	0	0	0	0	0	0	0	0	172.47327
cg03163337	0	0	0	0	0	0	0	0	0	0	0	0	0	171.49717	157.92798	0	119.97600	0	0	0	0
cg03186425	0	0	0	0	0	0	0	0	0	0	0	0	0	0	0	0	0	0	0	0	0
cg03336120	0	0	0	0	0	0	0	0	0	0	0	0	0	0	0	0	0	0	0	0	0
cg03472772	46877.48292	42105.26316	45884.84241	47418.03855	50896.62447	45383.89804	47656.25000	53382.57512	42417.99760	41929.78025	37699.23770	46484.08586	46355.20814	44417.76711	55116.86671	38064.51613	48110.37792	46297.64861	51861.50949	38473.86983	49844.77406
cg03532013	317.81344	928.79257	222.74195	0	263.71308	310.84862	468.75000	167.86973	686.93114	252.58904	138.60014	296.07698	0	171.49717	0	322.58065	479.90402	584.19746	144.86455	160.30779	0
cg03581262	0	0	0	140.70635	0	0	0	0	171.73278	0	0	296.07698	0	0	0	0	0	0	144.86455	0	0
cg03595199	0	0	0	0	0	0	0	0	0	0	0	0	0	0	0	0	0	0	0	160.30779	0
cg03624321	1589.06722	1547.98762	1002.33879	1407.06346	2241.56118	2486.78893	1875.00000	1510.82760	1030.39670	1515.53423	1524.60152	592.15396	2908.56208	857.48585	789.63992	1290.32258	839.83203	1022.34555	1883.23917	1282.46233	1207.31287
cg03680348	100111.23471	63622.29102	98563.31440	89489.23596	93881.85654	99626.98166	93281.25000	85277.82441	65773.65619	79312.95782	81912.68191	91931.90229	91074.35012	88321.04270	94440.93493	59193.54839	87342.53149	76675.91646	88222.51195	96344.98237	101931.70059
cg04051565	3019.22771	1702.78638	2338.79051	2532.71423	1977.84810	1087.97016	2031.25000	1007.21840	1545.59505	2525.89038	1108.80111	740.19245	1999.63643	2400.96038	789.63992	1290.32258	1799.64007	876.29619	2028.10372	1923.69349	1724.73267
cg04163916	0	0	0	0	0	0	0	0	0	0	0	0	0	0	0	0	0	0	0	0	0
cg04370758	0	0	0	0	0	0	0	167.86973	0	0	0	0	0	0	0	0	0	0	0	0	0
cg04466134	317.81344	0	222.74195	281.41269	659.28270	466.27293	156.25000	0	0	126.29452	138.60014	740.19245	181.78513	171.49717	157.92798	322.58065	119.97600	146.04936	144.86455	160.30779	0
cg04522003	0	0	0	0	0	0	0	0	0	0	0	0	0	0	0	0	0	0	0	0	0
cg04937398	0	0	111.37098	0	263.71308	0	0	0	0	126.29452	138.60014	0	0	0	0	0	119.97600	0	144.86455	0	0
cg04991650	0	0	0	0	0	0	0	0	0	0	0	0	0	0	0	0	0	0	0	0	0
cg05145731	0	154.79876	111.37098	562.82538	131.85654	466.27293	468.75000	335.73947	343.46557	0	554.40055	0	363.57026	0	157.92798	161.29032	119.97600	1314.44428	144.86455	0	172.47327
cg05231925	0	0	0	0	0	0	0	0	0	0	0	0	0	0	0	0	0	0	0	0	0
cg05372585	2860.32099	0	668.22586	984.94442	1714.13502	1865.09170	625.00000	1342.95786	171.73278	1894.41778	1386.00139	1184.30792	1817.85130	1200.48019	1737.20783	0	1319.73605	1022.34555	1593.51007	1603.07791	1552.25940
cg05444613	0	0	222.74195	0	0	0	0	167.86973	0	0	0	0	0	0	0	0	0	0	0	0	0
cg05619116	0	0	0	0	131.85654	0	0	0	0	0	0	0	0	0	0	0	0	0	0	0	0
cg05638520	0	0	0	0	0	0	0	0	0	0	0	0	0	0	0	0	0	0	0	0	0
cg05776755	0	309.59752	111.37098	0	0	0	156.25000	0	171.73278	126.29452	0	296.07698	181.78513	171.49717	0	322.58065	0	292.09873	289.72910	160.30779	172.47327
cg05784329	0	0	0	0	0	0	0	0	0	0	0	0	0	0	0	0	0	0	0	0	0
cg05889139	0	0	0	0	0	0	156.25000	0	0	0	0	296.07698	181.78513	0	0	161.29032	0	0	0	0	0
cg06136804	146829.81090	164086.68731	216282.43680	86393.69636	170358.64979	116257.38265	92656.25000	147725.36512	154044.30706	208385.95605	82605.68261	166839.37824	112888.56572	100840.33613	153190.14529	153709.67742	198320.33593	87191.47072	170070.98363	116543.76403	106243.53225
cg06253583	0	0	0	0	131.85654	0	0	167.86973	0	0	0	0	0	0	0	0	0	0	0	0	0
cg06399992	0	0	0	0	0	0	0	0	0	0	0	0	0	0	0	0	0	0	0	0	0
cg06532574	0	0	0	0	0	0	0	0	0	0	0	0	0	0	0	0	0	0	0	0	0
cg06635832	317.81344	309.59752	445.48391	422.11904	791.13924	155.42431	156.25000	335.73947	0	126.29452	138.60014	296.07698	181.78513	0	947.56791	161.29032	0	146.04936	434.59365	641.23116	172.47327
cg06737740	794.53361	2167.18266	445.48391	984.94442	791.13924	2486.78893	1093.75000	671.47893	515.19835	126.29452	693.00069	740.19245	1090.71078	514.49151	631.71194	967.74194	599.88002	292.09873	1158.91641	1442.77012	517.41980
cg06753057	0	0	0	0	0	0	156.25000	0	0	0	138.60014	0	0	171.49717	0	0	119.97600	0	0	0	0
cg06753179	0	0	0	0	0	0	0	0	0	0	0	0	0	0	0	0	0	0	0	0	0
cg07057864	0	154.79876	0	0	131.85654	0	0	0	0	0	0	0	363.57026	171.49717	0	0	0	0	144.86455	0	172.47327
cg07251576	0	0	0	562.82538	0	155.42431	156.25000	0	171.73278	126.29452	831.60083	0	181.78513	514.49151	0	161.29032	0	584.19746	434.59365	160.30779	172.47327
cg07360877	0	0	0	0	0	0	0	0	0	0	0	0	0	0	0	0	0	0	0	0	0
cg07428136	0	0	0	0	0	0	0	0	0	0	0	0	0	0	0	0	0	0	0	0	0
cg07499899	0	0	0	0	0	0	0	0	0	0	0	0	0	0	0	0	0	0	0	0	0
cg07990128	0	0	0	0	0	0	0	0	0	0	0	0	0	0	0	0	0	0	0	0	0
cg08085917	48943.27030	45046.43963	35638.71255	78514.14099	44171.94093	61703.45042	76875.00000	56236.36058	47913.44668	41298.30765	73458.07346	58475.20355	65079.07653	78717.20117	54327.22678	56935.48387	38152.36953	76091.71900	46646.38563	63802.50080	71403.93239
cg08302639	0	0	0	0	0	0	0	0	0	0	0	0	0	0	0	0	0	0	0	0	0
cg08414984	0	0	0	0	0	0	0	0	0	0	0	0	0	0	0	0	0	0	0	0	0
cg08513622	0	0	0	0	0	0	0	0	0	0	0	0	0	0	0	0	0	0	0	0	0
cg08573409	0	0	0	0	0	0	156.25000	0	0	0	0	0	0	0	0	0	0	0	0	0	0
cg08591265	0	0	0	0	0	0	0	0	0	0	0	0	0	0	0	0	0	0	0	0	0
cg08697985	91371.36501	104953.56037	53680.81078	98916.56114	89135.02110	98383.58719	81562.50000	86788.65201	101665.80800	52538.51983	89674.28967	80977.05403	92165.06090	82833.13325	88123.81554	94193.54839	53389.32214	95662.33387	84745.76271	95383.13562	94170.40359
cg08782420	0	0	0	0	0	0	0	0	0	0	0	0	0	0	0	0	0	0	0	0	0
cg08850922	0	0	0	0	0	0	0	0	0	0	0	0	0	0	0	0	0	0	0	0	0
cg08927621	158.90672	0	0	0	0	0	0	0	0	0	0	0	0	0	0	0	0	0	0	0	0
cg09034938	0	0	0	0	0	0	0	0	0	0	0	0	0	0	0	0	0	0	0	0	0
cg09132194	0	0	0	0	0	0	0	0	0	0	0	0	0	0	0	0	0	0	0	0	0
cg09563119	0	0	0	0	0	0	0	0	0	0	0	0	0	0	0	0	0	0	0	0	0
cg09628244	0	0	0	0	0	0	0	0	0	0	0	0	0	0	0	0	0	0	0	0	0
cg09871679	0	0	0	0	0	0	0	0	0	0	0	0	0	0	0	0	0	0	0	0	0
cg09912512	45924.04259	74458.20433	44102.90678	60222.31603	51292.19409	48026.11128	48593.75000	39449.38728	78825.34776	46097.49937	57380.45738	46484.08586	44900.92710	45446.75013	43903.97979	79193.54839	49310.13797	54476.41303	52296.10314	48893.87624	46912.72853
cg10018078	0	0	0	0	0	0	0	0	0	0	0	0	0	0	0	0	0	0	0	0	0
cg10115820	0	0	0	140.70635	0	0	0	0	0	0	0	0	0	0	0	0	0	0	0	0	0
cg10177766	0	0	0	0	0	0	0	0	0	0	0	0	0	0	0	0	0	0	0	0	0
cg10292595	0	0	0	0	0	0	0	0	0	0	0	0	0	0	0	0	0	0	0	0	0
cg10308193	0	0	0	0	0	0	0	0	0	0	0	0	0	0	0	0	0	0	0	0	0
cg10335074	0	0	0	0	131.85654	0	0	0	0	0	0	148.03849	0	0	0	0	0	0	144.86455	0	0
cg10550033	0	0	0	0	0	0	0	0	0	0	0	0	0	0	0	0	0	0	0	0	0
cg10617646	158.90672	0	334.11293	140.70635	0	310.84862	0	0	343.46557	0	138.60014	0	181.78513	0	157.92798	161.29032	359.92801	0	0	160.30779	0
cg10671950	19068.80661	18885.44892	29736.05079	13226.39651	15690.92827	15387.00653	15937.50000	20144.36797	15112.48497	29679.21192	14830.21483	15840.11843	17814.94274	15263.24816	20214.78206	15161.29032	29154.16917	12998.39346	18542.66261	20198.78166	15177.64746
cg10799646	157158.74782	196749.22601	113709.76723	189250.03518	159282.70042	186664.59434	208125.00000	172737.95535	221707.02387	146375.34731	216632.01663	171576.60992	190692.60135	214371.46287	181459.25458	220483.87097	140731.85363	212209.72689	148631.02999	193972.42706	183166.60918
cg10828910	0	0	0	0	0	0	0	0	0	0	0	0	0	0	0	0	0	0	0	0	0
cg10974161	0	0	0	0	0	0	0	0	0	0	0	0	0	171.49717	0	0	0	0	0	0	0
cg11259152	0	0	111.37098	0	0	0	0	0	0	0	0	0	0	0	0	0	0	0	0	0	0
cg11418813	0	154.79876	0	0	0	0	0	0	0	0	0	0	0	0	0	0	0	0	0	0	0
cg11586360	0	0	0	0	0	0	0	0	0	0	0	0	0	0	0	0	0	0	0	0	0
cg11610703	0	0	0	0	0	0	0	0	0	0	0	148.03849	0	0	0	0	0	0	0	0	0
cg11795728	0	0	0	0	0	0	0	0	0	0	0	0	0	0	0	0	0	0	0	0	0
cg11846636	48148.73669	61300.30960	98340.57245	35880.11819	48127.63713	34193.34784	34531.25000	52039.61726	62682.46608	101793.38217	34650.03465	50037.00962	36538.81113	32241.46802	44535.69172	60483.87097	101859.62807	40455.67402	59249.60162	37512.02308	35874.43946
cg11996362	0	0	0	0	0	0	0	0	0	0	0	0	0	0	0	0	0	0	0	0	0
cg12049688	0	0	0	0	0	0	0	0	0	0	0	0	0	0	0	0	0	0	0	160.30779	0
cg12159464	0	0	0	140.70635	0	0	0	0	0	0	138.60014	0	0	0	0	0	0	0	0	0	0
cg12289749	158.90672	0	222.74195	281.41269	395.56962	310.84862	0	335.73947	0	126.29452	0	0	363.57026	171.49717	157.92798	0	119.97600	584.19746	144.86455	480.92337	172.47327
cg12349027	0	0	0	0	0	0	0	0	0	0	0	0	0	0	0	0	0	0	0	0	0
cg12520996	0	0	0	0	0	0	0	0	0	0	0	0	0	0	0	0	0	0	0	0	0
cg12628883	317.81344	154.79876	0	140.70635	395.56962	155.42431	625.00000	167.86973	343.46557	378.88356	415.80042	444.11547	727.14052	171.49717	789.63992	967.74194	239.95201	0	724.32276	801.53895	517.41980
cg12965819	158.90672	0	0	0	0	0	0	335.73947	0	0	277.20028	0	181.78513	0	0	0	0	0	0	160.30779	0
cg13012891	0	0	0	0	0	0	0	0	0	0	0	0	0	0	0	0	0	0	0	0	0
cg13516808	0	0	0	0	0	0	0	0	0	0	0	0	0	0	0	0	0	0	0	0	0
cg13532350	0	0	0	0	0	0	0	0	0	0	0	0	0	0	0	0	0	0	0	0	0
cg13664331	0	0	0	0	0	0	0	0	0	0	0	0	0	0	0	0	0	0	0	0	0
cg13739312	0	0	0	0	0	0	0	0	0	0	0	0	0	0	0	0	0	0	0	0	0
cg13760670	0	0	0	0	0	0	0	0	0	0	0	0	0	0	0	0	0	0	0	0	0
cg13879547	0	0	0	0	0	0	0	0	0	0	0	0	0	0	0	0	0	0	0	0	0
cg13880598	635.62689	2941.17647	445.48391	1266.35711	395.56962	777.12154	1093.75000	1175.08813	858.66392	378.88356	1108.80111	740.19245	0	1028.98302	315.85597	1935.48387	119.97600	730.24682	434.59365	320.61558	1207.31287
cg14172482	144287.30335	120897.83282	157255.81913	147038.13142	143328.05907	148119.36587	145468.75000	148396.84405	116091.36184	154837.08007	150935.55094	146113.98964	150699.87275	142857.14286	135660.13898	128387.09677	159448.11038	139331.09391	149934.81095	138345.62360	137461.19352
cg14228830	0	154.79876	0	562.82538	131.85654	0	625.00000	167.86973	171.73278	0	0	0	363.57026	0	0	0	0	146.04936	144.86455	0	0
cg14331765	0	0	0	0	0	0	0	0	0	0	0	0	0	0	0	0	0	0	0	0	0
cg14332782	0	0	0	0	0	0	0	0	0	0	0	0	0	0	0	0	0	0	0	0	0
cg14368661	0	0	0	0	0	0	0	0	0	0	0	0	0	0	0	0	0	0	0	0	0
cg14391978	0	154.79876	0	140.70635	0	310.84862	0	0	171.73278	0	0	0	181.78513	171.49717	0	0	0	0	0	0	172.47327
cg14395761	0	0	0	0	0	0	0	0	0	0	0	148.03849	0	0	0	0	0	0	0	0	0
cg14564722	0	0	0	0	0	155.42431	156.25000	0	0	0	0	0	0	0	157.92798	0	0	0	0	0	0
cg14857865	0	154.79876	0	0	0	0	0	0	0	0	0	148.03849	0	0	0	0	0	0	0	0	0
cg14897002	0	0	0	0	263.71308	0	0	0	0	0	0	0	0	0	0	0	0	0	144.86455	0	172.47327
cg14959168	0	0	0	0	0	0	0	0	0	0	0	0	0	0	0	0	0	0	0	0	0
cg15238183	0	0	0	0	0	0	0	0	0	0	0	0	0	0	0	161.29032	0	0	0	0	0
cg15359299	0	0	0	0	0	0	0	0	0	0	138.60014	0	0	0	0	0	0	0	0	0	0
cg15551646	158.90672	0	222.74195	0	131.85654	0	0	0	0	0	0	0	0	0	0	0	0	0	0	0	0
cg15744671	0	0	0	0	0	0	0	0	0	0	0	0	0	0	0	0	0	0	0	0	0
cg15822656	0	0	0	0	0	0	0	0	0	0	0	0	0	0	0	0	0	0	0	0	0
cg15845072	0	0	0	0	0	0	0	0	0	0	0	0	0	0	0	0	0	0	0	0	0
cg16110687	635.62689	0	222.74195	0	131.85654	0	0	167.86973	0	126.29452	0	0	0	0	0	0	0	0	144.86455	160.30779	0
cg16239717	0	0	111.37098	0	0	0	0	0	0	0	0	0	0	0	0	0	0	0	0	0	0
cg16297799	0	0	0	0	0	0	0	0	0	0	0	0	0	0	0	0	0	0	0	0	0
cg16375198	0	0	0	0	0	0	0	0	0	0	0	0	0	0	0	0	0	0	0	0	0
cg16617297	0	0	222.74195	140.70635	131.85654	0	0	0	0	0	277.20028	0	0	0	0	0	0	0	0	160.30779	172.47327
cg16648740	0	0	0	0	0	0	0	0	0	0	0	0	0	0	0	0	0	0	0	0	0
cg16793019	158.90672	0	0	562.82538	0	0	312.50000	0	0	0	415.80042	296.07698	181.78513	0	315.85597	0	239.95201	438.14809	0	160.30779	0
cg16803621	0	0	0	0	0	0	0	0	0	0	0	0	0	0	0	0	0	0	0	0	0
cg16912114	0	0	0	0	0	0	0	0	0	0	0	0	0	171.49717	0	0	0	0	0	0	0
cg17006655	61973.62148	57430.34056	42320.97115	64865.62544	55247.89030	58594.96425	68281.25000	65804.93537	49974.24008	38646.12276	64310.46431	49592.89415	64170.15088	67398.38793	57327.85850	50161.29032	38152.36953	63385.42427	55772.85238	62039.11510	65367.36806
cg17019184	0	0	0	0	0	0	0	0	0	0	0	0	0	0	0	0	0	0	0	0	0
cg17020971	0	0	0	0	0	0	0	0	0	0	0	0	0	0	0	0	0	0	0	0	0
cg17031656	0	0	0	0	0	0	0	0	0	0	0	0	0	0	0	0	0	0	0	0	0
cg17083323	0	0	0	0	0	0	0	0	0	0	0	0	0	0	0	0	0	146.04936	0	0	0
cg17238176	0	0	111.37098	0	0	0	0	0	0	0	0	0	0	0	0	161.29032	0	0	0	0	172.47327
cg17764057	0	0	0	0	0	0	0	0	0	0	0	0	0	0	0	0	0	0	0	0	0
cg17786378	0	0	0	0	0	0	0	0	0	0	0	0	0	0	0	0	0	0	0	0	0
cg17811597	0	0	0	0	0	0	0	0	0	0	0	0	0	0	0	0	0	0	0	0	0
cg17960012	0	154.79876	0	0	0	0	0	0	343.46557	0	0	148.03849	0	0	0	322.58065	119.97600	146.04936	0	0	0
cg18281910	0	0	0	0	131.85654	0	0	0	0	0	0	0	0	0	0	0	0	0	0	0	0
cg18292331	0	0	0	0	0	0	0	0	0	0	0	0	0	0	157.92798	0	0	146.04936	0	0	0
cg18363294	0	0	0	0	0	0	0	0	0	0	0	0	0	0	0	0	0	0	0	0	0
cg18488651	0	0	0	0	0	0	0	0	0	0	0	0	0	0	0	0	0	0	0	0	0
cg18513858	0	0	0	0	0	0	0	0	0	0	0	0	0	0	0	0	0	0	0	0	0
cg18558420	0	0	222.74195	140.70635	0	0	0	0	0	126.29452	0	148.03849	0	0	0	0	359.92801	0	144.86455	0	0
cg18962915	1112.34705	619.19505	668.22586	844.23808	527.42616	777.12154	781.25000	503.60920	686.93114	252.58904	1386.00139	0	545.35539	1028.98302	631.71194	645.16129	719.85603	876.29619	144.86455	480.92337	517.41980
cg18986305	317.81344	0	111.37098	0	1054.85232	466.27293	468.75000	503.60920	0	505.17808	138.60014	296.07698	545.35539	342.99434	631.71194	0	119.97600	0	0	320.61558	172.47327
cg19041804	0	0	222.74195	0	0	0	156.25000	0	0	126.29452	0	148.03849	0	0	0	0	0	0	144.86455	160.30779	172.47327
cg19303507	0	0	0	0	0	0	0	0	0	0	0	0	0	0	0	0	0	0	0	0	0
cg19363889	1589.06722	1393.18885	1670.56465	1969.88884	3032.70042	2797.63755	1406.25000	1175.08813	1717.32784	1136.65067	1663.20166	2072.53886	1454.28104	1028.98302	1263.42388	2903.22581	959.80804	2628.88856	1158.91641	1442.77012	2587.09900
cg19448426	0	0	0	0	0	0	0	0	0	0	0	0	0	0	0	0	0	0	0	0	0
cg19474047	158.90672	0	0	0	131.85654	155.42431	0	0	0	0	0	0	0	342.99434	0	0	119.97600	0	0	0	172.47327
cg19645639	0	0	0	0	0	0	0	0	0	0	0	0	0	0	0	0	0	0	0	0	0
cg19757172	0	0	0	0	0	0	0	0	0	0	0	0	0	0	0	0	119.97600	0	0	0	0
cg19814032	0	464.39628	668.22586	422.11904	0	310.84862	312.50000	167.86973	686.93114	378.88356	138.60014	0	363.57026	171.49717	0	483.87097	239.95201	876.29619	144.86455	160.30779	517.41980
cg19887462	0	0	0	0	0	0	0	0	0	0	0	0	0	0	0	0	0	0	0	0	0
cg20002209	0	0	0	0	0	0	0	0	0	0	0	0	0	0	0	0	0	0	0	0	0
cg20074048	0	0	0	0	263.71308	0	0	0	0	0	0	0	0	0	0	0	0	0	0	0	0
cg20409397	0	0	0	0	0	0	0	0	0	0	0	0	0	0	0	0	0	0	0	0	0
cg20459687	158.90672	0	0	0	0	310.84862	0	0	0	0	0	0	0	0	0	0	0	0	0	0	172.47327
cg20635102	0	0	0	0	0	0	0	0	0	0	0	0	0	0	0	0	0	0	0	0	0
cg20724940	0	0	0	0	0	0	0	0	0	0	0	0	0	0	0	0	0	0	0	0	0
cg21146015	158.90672	309.59752	222.74195	0	263.71308	0	312.50000	0	171.73278	126.29452	277.20028	148.03849	363.57026	171.49717	0	0	359.92801	584.19746	289.72910	320.61558	0
cg21194128	0	0	0	0	0	0	0	0	0	0	0	0	0	0	0	0	0	0	0	0	0
cg21273746	0	0	0	0	0	0	0	0	0	0	0	0	0	0	0	0	0	0	0	0	0
cg21567502	0	0	222.74195	0	0	0	0	0	0	378.88356	0	0	0	0	157.92798	0	0	0	0	0	0
cg21589106	0	0	0	0	0	0	0	0	0	0	0	0	0	0	0	0	0	0	0	0	0
cg21605122	0	0	0	140.70635	0	0	0	0	0	0	0	0	0	0	0	0	0	0	0	0	0
cg21654974	158.90672	0	334.11293	0	263.71308	0	0	167.86973	171.73278	0	0	0	0	0	157.92798	0	0	146.04936	0	0	0
cg21868798	0	0	0	0	0	0	0	0	0	0	0	0	0	0	0	0	0	0	0	0	0
cg21877956	158.90672	0	0	0	0	0	0	0	0	0	0	0	0	0	0	0	0	0	0	0	0
cg22076702	0	0	0	0	0	0	0	0	0	0	0	0	0	0	0	161.29032	0	146.04936	0	0	0
cg22083449	2542.50755	928.79257	556.85488	6331.78556	2900.84388	4196.45633	2968.75000	2685.91573	858.66392	884.06163	6514.20651	1924.50037	3453.91747	3601.44058	2842.70373	322.58065	839.83203	4673.57967	2028.10372	4488.61815	2587.09900
cg22193146	0	0	0	0	0	0	0	0	0	0	0	0	181.78513	0	0	0	0	0	0	0	0
cg22234950	0	0	0	0	0	0	156.25000	0	0	0	0	0	0	0	0	0	0	0	0	160.30779	0
cg22240492	16208.48562	5572.75542	7461.85544	11537.92036	11867.08861	12433.94467	12968.75000	11079.40238	5838.91465	6693.60950	14137.21414	13175.42561	12543.17397	11661.80758	10423.24700	4677.41935	5998.80024	14020.73901	12023.75779	13626.16223	11038.28907
cg22251024	0	0	0	0	0	0	0	0	0	0	0	0	0	0	0	0	0	0	0	0	0
cg22458939	0	0	0	0	0	0	0	0	0	0	0	0	0	0	0	0	0	0	0	0	0
cg22482700	0	0	0	0	0	0	0	0	0	0	0	0	0	0	0	0	0	0	0	0	0
cg22571544	476.72017	154.79876	779.59684	703.53173	527.42616	0	312.50000	167.86973	0	631.47259	0	296.07698	181.78513	171.49717	157.92798	161.29032	119.97600	0	289.72910	160.30779	344.94653
cg22801980	15413.95201	13931.88854	11025.72670	12382.15844	17932.48945	16008.70376	15000.00000	15947.62464	14082.08827	12503.15736	16216.21622	18652.84974	16906.01709	20408.16327	17687.93430	14193.54839	9478.10438	17525.92376	17238.88165	18275.08817	19144.53260
cg23011905	0	0	0	0	0	0	0	0	0	126.29452	0	0	0	0	0	0	0	0	0	0	0
cg23162245	0	0	0	0	0	0	0	0	0	0	0	0	0	0	0	0	0	0	0	0	0
cg23461741	0	0	0	0	0	0	0	0	0	0	0	0	0	0	0	0	0	0	0	0	0
cg23468507	0	0	0	0	0	0	0	0	0	0	0	0	0	0	0	0	0	0	0	0	0
cg23638049	476.72017	0	111.37098	0	527.42616	155.42431	468.75000	167.86973	0	0	0	296.07698	363.57026	171.49717	0	0	479.90402	146.04936	144.86455	480.92337	172.47327
cg23650482	0	0	0	0	0	0	0	0	0	0	0	0	0	0	0	0	0	0	0	0	0
cg23751557	317.81344	154.79876	222.74195	281.41269	0	155.42431	156.25000	0	171.73278	0	0	0	0	342.99434	0	161.29032	0	438.14809	0	160.30779	344.94653
cg24119812	0	0	0	0	0	0	0	0	0	0	0	0	0	0	0	0	0	0	0	0	0
cg24154779	0	0	0	0	0	0	0	0	0	0	0	0	0	0	0	0	0	0	0	0	0
cg24420706	0	0	0	0	0	0	0	0	0	0	0	0	0	0	0	0	0	0	0	0	0
cg24547709	0	0	0	0	0	0	0	0	0	0	0	0	0	0	0	0	0	0	0	0	0
cg24770256	317.81344	154.79876	1113.70977	703.53173	263.71308	1087.97016	468.75000	503.60920	0	757.76711	970.20097	1036.26943	908.92565	171.49717	631.71194	0	959.80804	292.09873	869.18731	1122.15454	689.89307
cg24861253	0	0	0	0	0	0	0	0	0	0	0	0	0	0	0	0	0	292.09873	0	0	172.47327
cg24934471	0	0	0	0	0	0	0	0	0	0	0	0	0	0	0	0	0	0	0	0	0
cg25145905	0	0	0	0	131.85654	0	0	0	0	0	0	0	0	0	0	0	0	0	0	0	0
cg25427844	0	0	0	0	0	0	0	0	0	0	0	0	0	0	0	0	0	0	0	0	0
cg25448355	0	0	0	0	0	0	0	0	0	0	138.60014	148.03849	0	0	0	0	0	0	0	0	0
cg25485144	0	0	0	0	0	0	0	0	0	0	0	0	0	0	0	0	0	0	0	0	0
cg25520872	794.53361	928.79257	445.48391	984.94442	1318.56540	777.12154	2343.75000	2518.04600	343.46557	757.76711	1801.80180	1924.50037	908.92565	1543.47453	1737.20783	645.16129	959.80804	1168.39492	1593.51007	1923.69349	1379.78613
cg25741748	635.62689	154.79876	0	281.41269	0	0	156.25000	167.86973	171.73278	0	138.60014	0	545.35539	0	157.92798	0	119.97600	292.09873	144.86455	0	344.94653
cg25787812	0	309.59752	0	0	131.85654	0	0	167.86973	0	0	0	148.03849	0	342.99434	0	161.29032	119.97600	146.04936	144.86455	0	0
cg26020069	158.90672	0	0	0	0	155.42431	0	0	0	0	0	0	0	0	0	0	0	146.04936	0	0	0
cg26195361	0	0	0	0	0	0	0	0	0	0	0	0	0	0	0	0	0	0	0	0	0
cg26314240	0	0	0	0	0	0	0	0	0	0	0	0	0	0	0	0	0	0	0	0	0
cg26431921	0	0	0	0	0	0	0	0	0	0	0	0	0	0	0	0	0	0	0	0	0
cg26541587	158.90672	464.39628	222.74195	422.11904	131.85654	155.42431	0	167.86973	515.19835	0	415.80042	0	0	0	157.92798	322.58065	0	292.09873	0	320.61558	517.41980
cg26562786	158.90672	0	0	0	0	310.84862	0	0	0	0	0	148.03849	0	0	0	0	0	146.04936	0	0	0
cg26804299	0	0	0	0	0	0	0	0	0	0	0	0	0	0	0	0	0	0	0	0	0
cg27047353	0	0	0	0	0	0	0	0	0	0	0	0	0	0	0	0	0	0	144.86455	0	0
cg27123273	0	0	0	0	0	0	0	0	0	0	0	0	0	0	0	0	0	146.04936	0	0	0
cg27167111	0	0	0	0	0	0	0	167.86973	0	0	0	0	0	0	0	0	0	0	0	0	0
cg27209741	0	0	0	0	0	0	0	0	0	0	0	0	0	0	0	0	0	0	0	0	0
cg27439289	0	0	0	0	0	0	0	0	0	0	0	0	0	0	0	0	0	0	0	0	0
cg27488023	0	0	0	0	0	0	0	0	0	0	0	0	0	0	0	0	0	0	0	0	0
cg27513568	0	0	0	0	0	0	0	0	0	0	0	0	0	0	0	0	0	0	0	0	0
cg27605677	317.81344	0	556.85488	140.70635	263.71308	155.42431	625.00000	0	171.73278	884.06163	277.20028	296.07698	0	0	315.85597	0	359.92801	292.09873	724.32276	480.92337	344.94653
cg27650500	0	0	0	0	0	0	0	0	0	0	0	0	0	0	0	0	0	146.04936	0	0	0
ch.2.4469412F	0	0	0	0	0	0	0	0	0	0	0	0	0	0	0	0	0	0	0	0	0
ch.3.1432250F	0	0	0	0	0	0	0	0	0	0	0	0	0	0	0	0	0	0	0	0	0
