prmtrID	iPS_DE_66h_rep1	iPS_DE_00h_rep1	iPS_DE_96h_rep1	iPS_DE_48h_rep1	iPS_DE_72h_rep1	iPS_DE_60h_rep1	iPS_DE_54h_rep1	iPS_DE_66h_rep2	iPS_DE_00h_rep2	iPS_DE_96h_rep2	iPS_DE_48h_rep2	iPS_DE_72h_rep2	iPS_DE_60h_rep2	iPS_DE_54h_rep2	iPS_DE_66h_rep3	iPS_DE_00h_rep3	iPS_DE_96h_rep3	iPS_DE_48h_rep3	iPS_DE_72h_rep3	iPS_DE_60h_rep3	iPS_DE_54h_rep3
cg00009292	111.35237	68.64831	212.65737	55.95032	49.03884	166.97278	0	0	149.12019	243.38006	0	54.17999	0	0	58.62696	0	45.01666	118.80012	105.88734	0	0
cg00025439	0	0	42.53147	0	49.03884	0	0	0	0	48.67601	0	0	0	0	0	0	0	0	0	0	0
cg00075488	55.67619	0	0	0	49.03884	55.65759	0	0	0	0	0	0	0	0	0	0	0	0	0	0	125.15645
cg00121339	1558.93324	14759.38766	1361.00715	1902.31075	931.73794	1335.78227	1266.62445	1842.63866	14986.57918	924.84424	1975.28077	1462.85962	2272.13711	889.05823	1289.79305	12941.43453	1035.38309	2376.00238	1747.14104	1075.20459	1001.25156
cg00236922	55.67619	0	0	0	0	0	0	0	74.56010	0	0	0	0	0	0	146.23090	0	0	0	0	0
cg00253379	0	0	0	0	0	0	0	0	0	0	0	0	0	0	0	0	0	0	0	0	0
cg00276145	0	0	42.53147	0	0	0	0	0	0	0	0	0	0	0	0	0	0	0	0	0	0
cg00317754	0	0	0	0	0	0	0	0	0	0	0	0	0	0	0	0	0	0	0	0	0
cg00324097	0	0	0	0	0	0	0	0	0	0	0	0	0	0	0	0	0	0	0	0	0
cg00406392	7182.22816	411.88989	19862.19803	1230.90695	8287.56375	4007.34680	2590.82273	5405.07340	223.68029	18350.85670	1636.66121	8668.79775	5453.12906	2476.66222	6390.33828	584.92359	17196.36265	1306.80131	9212.19822	4480.01911	2002.50313
cg00442066	0	0	0	0	49.03884	0	0	0	0	0	0	0	0	0	0	0	0	0	0	0	0
cg00522288	1503.25706	1167.02135	3019.73460	8560.39837	1667.32052	3283.79807	5584.66233	1351.26835	745.60095	4672.89720	11682.37485	1300.31966	3505.58297	5524.86188	2110.57044	658.03904	4006.48240	9504.00950	1217.70436	3404.81453	5193.99249
cg00578334	0	0	42.53147	55.95032	0	0	0	0	0	0	0	108.35997	0	0	0	73.11545	45.01666	0	158.83100	0	0
cg00646731	0	0	0	0	0	0	0	0	0	0	0	0	0	0	0	0	0	0	0	0	0
cg00807990	0	0	0	0	49.03884	0	0	0	0	0	0	0	0	0	0	0	0	0	0	0	62.57822
cg00867540	0	0	0	0	0	55.65759	0	0	0	0	0	54.17999	0	0	0	0	0	0	0	0	0
cg00966672	55.67619	0	85.06295	0	49.03884	0	0	61.42129	0	0	56.43659	54.17999	64.91820	0	0	73.11545	90.03331	0	105.88734	59.73359	62.57822
cg00982487	167.02856	0	170.12589	0	98.07768	166.97278	115.14768	122.84258	0	97.35202	56.43659	270.89993	0	127.00832	117.25391	0	225.08328	59.40006	211.77467	119.46718	0
cg01001241	222.70475	274.59326	85.06295	447.60253	147.11652	55.65759	57.57384	0	372.80048	194.70405	282.18297	108.35997	0	571.53744	234.50783	365.57725	90.03331	178.20018	158.83100	179.20076	125.15645
cg01055518	1169.19993	1441.61461	935.69241	671.40379	392.31071	946.17911	518.16455	798.47675	1565.76200	1022.19626	733.67572	758.51980	779.01844	444.52912	1055.28522	1096.73174	855.31647	831.60083	847.09869	1015.47100	312.89111
cg01060861	0	0	0	0	49.03884	0	0	0	0	0	0	0	0	0	0	0	0	0	0	0	0
cg01169085	0	0	0	0	0	0	0	0	0	0	0	0	0	0	0	0	0	0	0	0	0
cg01230924	0	0	0	0	0	0	0	0	0	48.67601	0	54.17999	64.91820	0	58.62696	0	0	0	52.94367	0	0
cg01246435	0	0	0	0	0	55.65759	0	0	0	48.67601	0	0	0	0	58.62696	73.11545	0	0	0	0	0
cg01258042	0	0	0	0	0	55.65759	0	0	0	0	0	0	64.91820	0	0	0	0	0	0	0	0
cg01338955	0	0	0	0	0	0	0	0	0	0	0	0	0	0	0	0	0	0	0	0	0
cg01360989	0	0	0	0	0	0	0	0	0	0	0	0	0	0	0	0	0	0	0	0	0
cg01475742	0	0	0	0	0	0	0	0	0	0	0	0	0	0	0	0	0	0	0	0	0
cg01656087	0	0	0	0	0	0	0	0	0	0	0	0	0	0	0	0	0	0	0	0	0
cg01680303	0	0	0	0	0	0	0	0	0	0	0	0	0	0	0	0	45.01666	0	0	0	0
cg01722003	0	0	0	55.95032	98.07768	0	57.57384	0	0	48.67601	0	0	0	0	0	73.11545	45.01666	59.40006	0	59.73359	0
cg01777332	0	0	42.53147	111.90063	0	55.65759	57.57384	61.42129	0	0	0	0	64.91820	0	0	0	0	0	52.94367	119.46718	0
cg01862457	0	68.64831	0	0	0	0	0	0	0	0	0	0	0	0	0	0	0	0	0	0	0
cg01879056	0	0	0	0	49.03884	0	0	0	0	0	0	0	0	0	58.62696	0	0	59.40006	0	0	0
cg02024241	0	0	0	0	0	0	0	0	74.56010	0	56.43659	54.17999	0	0	0	0	0	0	0	0	0
cg02080811	10689.82796	4874.03034	8336.16876	6490.23667	7748.13652	9183.50309	7657.32051	8291.87396	4026.24515	4721.57321	4740.67385	8452.07780	9348.22124	7302.97835	7856.01219	3802.00336	5942.19861	5880.60588	7888.60652	9079.50541	9073.84230
cg02129675	0	0	0	0	0	0	0	0	0	0	0	0	0	0	0	0	0	0	0	0	0
cg02155957	55.67619	0	42.53147	0	0	0	0	0	0	0	56.43659	54.17999	0	63.50416	0	0	0	0	0	0	0
cg02177811	0	0	0	0	0	0	0	0	74.56010	0	0	0	0	0	0	0	45.01666	0	0	0	0
cg02217731	0	0	0	0	0	0	0	0	0	0	0	0	0	0	0	0	0	0	0	0	0
cg02239163	0	0	0	0	0	0	0	0	0	0	0	0	0	0	0	0	0	0	0	0	0
cg02271863	0	0	42.53147	0	0	0	0	0	0	0	0	0	0	0	0	0	0	0	0	0	0
cg02426455	0	0	0	0	49.03884	0	0	0	0	0	0	0	0	0	0	0	0	0	0	0	0
cg02444508	0	68.64831	0	0	0	0	0	0	0	0	0	0	0	0	0	0	0	0	0	0	0
cg02503609	0	0	0	0	0	0	0	0	0	0	0	0	0	0	0	0	0	0	0	0	0
cg02531059	334.05712	0	1616.19599	55.95032	588.46607	222.63038	115.14768	491.37031	0	973.52025	0	921.05976	194.75461	127.00832	527.64261	146.23090	1530.56631	59.40006	847.09869	59.73359	187.73467
cg02534167	0	0	0	0	0	0	0	0	0	0	0	0	0	0	0	0	0	0	0	0	0
cg02550627	0	0	0	0	0	0	0	0	0	0	0	0	0	0	0	73.11545	0	0	0	0	0
cg02650754	0	0	0	55.95032	0	0	0	0	0	0	0	0	0	0	58.62696	0	0	237.60024	52.94367	0	125.15645
cg02724186	2950.83793	1235.66966	1871.38482	447.60253	3530.79639	2170.64618	1093.90293	3746.69861	1043.84134	1752.33645	677.23912	3846.77900	1493.11867	1778.11647	3341.73653	950.50084	3106.14928	415.80042	3864.88776	2329.60994	1001.25156
cg02828785	111.35237	0	297.72031	0	392.31071	278.28797	172.72152	307.10644	0	486.76012	0	325.07992	259.67281	63.50416	351.76174	0	585.21653	118.80012	52.94367	298.66794	0
cg02863987	0	0	0	0	0	0	0	0	0	0	0	0	0	0	0	0	0	0	0	0	0
cg02888745	222.70475	0	0	839.25474	49.03884	166.97278	518.16455	184.26387	0	97.35202	620.80253	108.35997	194.75461	1016.06655	175.88087	0	45.01666	1366.20137	211.77467	179.20076	1063.82979
cg02937282	0	0	0	0	0	0	0	0	0	0	0	0	0	0	0	0	0	0	52.94367	0	0
cg03005087	0	0	0	0	0	0	0	0	0	0	0	0	0	63.50416	58.62696	0	45.01666	0	0	0	0
cg03240117	278.38094	0	42.53147	111.90063	49.03884	166.97278	172.72152	184.26387	0	97.35202	0	54.17999	129.83641	63.50416	293.13478	73.11545	45.01666	0	105.88734	0	125.15645
cg03311684	55.67619	0	0	0	49.03884	0	57.57384	0	0	0	0	0	0	0	0	0	0	0	0	0	0
cg03396765	0	0	0	0	0	0	0	0	0	0	0	0	0	0	0	0	0	0	0	0	0
cg03463612	1558.93324	68.64831	1190.88125	167.85095	931.73794	1280.12467	633.31222	798.47675	0	924.84424	282.18297	1137.77970	843.93664	190.51248	879.40435	0	1125.41640	237.60024	1164.76069	657.06947	312.89111
cg03497845	0	0	0	0	0	0	57.57384	0	0	0	56.43659	0	0	0	0	0	45.01666	0	52.94367	0	0
cg03550352	0	0	0	0	0	0	0	0	0	0	0	0	0	0	0	0	0	0	0	0	0
cg03588583	16424.47525	18672.34159	17522.96700	18855.25653	18928.99176	16252.01759	17560.02073	19531.96978	18416.34357	16160.43614	15350.75343	17012.51558	16554.14178	16447.57732	20460.80788	17255.24603	18051.67912	18829.81883	18953.83312	14336.06117	18085.10638
cg03620269	167.02856	0	212.65737	55.95032	147.11652	55.65759	115.14768	307.10644	74.56010	97.35202	56.43659	325.07992	324.59102	254.01664	175.88087	0	540.19987	59.40006	105.88734	179.20076	0
cg03624321	0	0	0	0	0	0	0	0	0	0	0	0	0	0	0	0	0	0	0	0	0
cg03637670	5790.32348	411.88989	6762.50425	447.60253	6816.39859	3840.37402	1324.19828	4606.59665	372.80048	6863.31776	169.30978	6664.13827	3440.66476	1270.08319	5041.91827	511.80815	6842.53174	297.00030	6935.62050	4599.48629	1877.34668
cg03641570	55.67619	0	0	0	0	55.65759	0	61.42129	0	0	0	54.17999	0	0	0	0	0	0	0	0	62.57822
cg03653158	0	0	85.06295	0	0	0	0	0	0	146.02804	0	0	0	0	58.62696	0	0	0	0	0	0
cg03702171	0	0	0	0	0	0	0	0	0	0	0	54.17999	0	0	0	0	0	0	0	0	0
cg03727673	556.76187	686.48315	382.78326	559.50316	833.66026	890.52151	690.88606	552.79160	447.36057	584.11215	620.80253	216.71994	1038.69125	317.52080	293.13478	584.92359	315.11659	415.80042	688.26768	477.86871	438.04756
cg03762864	0	68.64831	42.53147	0	0	0	0	0	0	0	0	0	0	0	0	0	45.01666	59.40006	0	0	0
cg03781098	0	0	0	0	0	0	0	0	0	0	0	0	0	0	0	0	0	59.40006	0	0	0
cg03800281	35075.99800	28214.45734	37640.35386	35584.40105	34915.65320	35676.51806	34371.58155	31202.01462	28556.51655	30568.53583	33354.02675	33645.77125	32524.01974	32704.64215	35058.92009	26833.36989	32772.12569	31185.03119	32242.69377	35899.88651	36983.72966
cg03824268	946.49518	617.83483	85.06295	111.90063	784.62142	1502.75505	748.45990	921.31933	149.12019	632.78816	169.30978	1191.95969	1233.44586	952.56239	1524.30087	511.80815	450.16656	415.80042	529.43668	776.53665	312.89111
cg03958798	55.67619	0	85.06295	0	0	0	0	0	0	97.35202	0	108.35997	0	0	58.62696	0	135.04997	0	52.94367	0	0
cg03995533	0	0	0	0	0	0	0	0	0	0	0	54.17999	0	0	0	0	0	0	0	59.73359	0
cg04058149	1057.84756	755.13146	893.16094	1007.10569	735.58258	389.60316	748.45990	368.52773	671.04086	973.52025	451.49275	270.89993	714.10023	889.05823	293.13478	584.92359	675.24984	356.40036	741.21135	716.80306	625.78223
cg04065352	0	0	0	0	0	0	0	0	0	0	0	0	0	0	0	0	0	0	0	0	0
cg04086018	334.05712	68.64831	1020.75536	615.45348	245.19419	166.97278	57.57384	184.26387	74.56010	1119.54829	282.18297	325.07992	259.67281	254.01664	293.13478	146.23090	945.34978	534.60053	211.77467	179.20076	62.57822
cg04218566	0	0	0	55.95032	49.03884	0	115.14768	61.42129	0	97.35202	0	0	0	0	0	0	0	59.40006	0	0	0
cg04249873	0	0	0	0	0	0	0	0	0	0	0	0	0	0	0	0	0	0	0	0	0
cg04252942	0	0	0	0	0	0	0	0	0	0	0	0	0	0	0	0	0	0	0	0	0
cg04272694	0	137.29663	42.53147	0	0	111.31519	0	0	74.56010	0	56.43659	162.53996	0	63.50416	58.62696	73.11545	0	118.80012	0	59.73359	62.57822
cg04273306	0	0	0	0	0	111.31519	57.57384	61.42129	74.56010	0	56.43659	54.17999	64.91820	63.50416	58.62696	0	45.01666	59.40006	52.94367	0	62.57822
cg04328472	0	0	0	0	0	0	0	0	0	0	0	0	0	0	0	0	0	0	0	0	0
cg04424885	23439.67485	40777.09892	31345.69581	36703.40737	24813.65241	27606.16686	29592.95296	25674.09864	41902.77364	29448.98754	39223.43247	24218.45370	29667.61880	31625.07144	22336.87049	43357.46143	30836.40947	36115.23612	23665.81957	28911.05669	35857.32165
cg04497520	0	0	0	0	0	0	0	0	0	0	0	0	0	0	0	0	0	0	0	0	0
cg04549583	0	0	0	0	0	0	0	0	0	0	0	0	0	0	0	0	0	0	0	0	0
cg04562404	0	0	42.53147	0	147.11652	0	0	61.42129	0	0	0	108.35997	0	63.50416	0	0	45.01666	0	52.94367	0	62.57822
cg04588745	0	0	0	0	0	0	0	0	0	0	0	0	0	0	0	0	0	0	0	0	0
cg04625873	0	0	0	0	0	0	0	0	0	0	0	0	0	0	0	0	0	0	0	0	0
cg04651370	0	0	42.53147	0	0	0	0	0	0	48.67601	0	0	0	0	0	0	45.01666	0	105.88734	0	0
cg04719696	668.11425	137.29663	2169.10514	167.85095	539.42723	556.57594	403.01687	798.47675	223.68029	2141.74455	169.30978	921.05976	843.93664	508.03328	527.64261	219.34635	2295.84946	178.20018	1005.92969	537.60229	187.73467
cg04719926	0	0	0	0	0	222.63038	0	0	0	0	56.43659	0	0	63.50416	0	0	0	0	0	0	125.15645
cg04751292	0	0	0	0	0	0	57.57384	0	0	0	0	0	0	63.50416	0	0	0	0	0	0	0
cg04761012	0	0	0	0	0	0	0	0	0	0	0	0	0	0	0	0	0	0	0	0	0
cg04845520	0	0	0	0	0	0	0	0	0	0	0	0	0	0	0	0	0	0	0	0	0
cg04854372	0	0	0	0	0	0	0	0	0	0	0	0	0	0	0	0	0	0	0	0	0
cg04904323	0	0	42.53147	0	98.07768	0	0	0	0	48.67601	56.43659	0	0	0	0	0	45.01666	0	52.94367	0	0
cg04944545	0	0	0	0	0	0	0	0	0	48.67601	0	0	0	0	0	0	0	0	0	0	0
cg05037877	10745.50415	16063.70564	5656.68595	11022.21228	10886.62220	9962.70941	10305.71708	10318.77649	16701.46138	5792.44548	11513.06507	12461.39676	10906.25811	10732.20296	10963.24090	15427.35980	5537.04871	10573.21057	9000.42355	13380.32376	9511.88986
cg05083647	890.81900	0	127.59442	391.65221	490.38839	1113.15189	748.45990	1228.42577	74.56010	97.35202	620.80253	704.33982	973.77305	889.05823	820.77739	0	360.13325	237.60024	317.66201	716.80306	1251.56446
cg05145731	0	68.64831	42.53147	223.80126	49.03884	166.97278	172.72152	122.84258	149.12019	0	225.74637	0	129.83641	0	58.62696	73.11545	45.01666	534.60053	52.94367	0	62.57822
cg05283119	0	0	0	0	0	0	0	0	0	0	56.43659	0	0	63.50416	0	0	0	0	0	0	0
cg05293319	111.35237	0	42.53147	0	0	111.31519	57.57384	0	0	48.67601	0	54.17999	64.91820	0	117.25391	0	135.04997	59.40006	211.77467	0	62.57822
cg05392244	0	0	0	0	0	55.65759	0	0	0	0	0	54.17999	64.91820	0	0	0	0	0	0	0	0
cg05392657	0	0	0	0	0	55.65759	57.57384	0	0	0	0	0	0	0	58.62696	0	45.01666	0	52.94367	0	62.57822
cg05422208	0	0	0	0	0	0	0	0	0	0	0	0	0	0	0	0	0	0	0	0	0
cg05495011	167.02856	137.29663	0	223.80126	98.07768	0	115.14768	184.26387	0	48.67601	225.74637	0	259.67281	63.50416	469.01565	219.34635	45.01666	178.20018	158.83100	119.46718	312.89111
cg05619116	55.67619	0	0	55.95032	0	55.65759	0	0	74.56010	0	0	54.17999	64.91820	0	117.25391	0	0	0	0	0	0
cg05621843	0	0	0	0	49.03884	0	0	0	0	0	0	0	0	0	0	0	0	0	0	0	0
cg05768532	1002.17137	0	255.18884	391.65221	637.50490	667.89113	230.29535	491.37031	74.56010	730.14019	564.36593	433.43989	649.18203	444.52912	644.89652	0	495.18322	415.80042	582.38035	597.33588	563.20401
cg05799997	0	0	85.06295	0	0	0	0	61.42129	0	0	0	0	0	0	0	0	0	0	0	0	0
cg05861291	0	0	0	0	0	0	0	61.42129	0	0	0	0	0	0	58.62696	73.11545	0	0	0	59.73359	0
cg05885668	0	0	0	55.95032	0	0	0	0	0	0	0	0	0	0	0	0	0	59.40006	0	59.73359	0
cg05919078	0	137.29663	42.53147	0	0	0	57.57384	0	74.56010	48.67601	0	108.35997	64.91820	63.50416	0	146.23090	0	118.80012	105.88734	59.73359	62.57822
cg05966765	2561.10462	3226.47079	2296.69956	3301.06865	4413.49549	4508.26515	4087.74253	4176.64763	2460.48315	3066.58879	3104.01264	4171.85892	3960.01039	3365.72045	3810.75218	2778.38707	2520.93275	3207.60321	4129.60610	3106.14659	3003.75469
cg06073499	55.67619	343.24157	467.84621	223.80126	392.31071	222.63038	0	122.84258	0	292.05607	225.74637	162.53996	64.91820	63.50416	234.50783	73.11545	585.21653	0	476.49301	0	62.57822
cg06187301	0	0	0	0	0	0	0	0	0	0	0	0	0	0	0	0	0	0	0	0	0
cg06202136	0	0	0	0	0	0	0	0	0	0	0	0	0	63.50416	0	0	0	0	0	0	0
cg06213287	111.35237	0	255.18884	0	343.27187	55.65759	57.57384	61.42129	0	340.73209	0	216.71994	64.91820	0	58.62696	0	225.08328	0	211.77467	179.20076	0
cg06386482	55.67619	205.94494	0	111.90063	49.03884	0	0	0	74.56010	0	56.43659	0	0	0	0	0	0	0	0	0	0
cg06461649	0	0	0	0	0	0	0	0	0	0	0	0	0	0	0	0	0	0	0	0	62.57822
cg06476053	111.35237	68.64831	0	111.90063	49.03884	0	57.57384	0	149.12019	48.67601	0	54.17999	129.83641	0	234.50783	73.11545	45.01666	59.40006	52.94367	0	0
cg06520258	0	0	42.53147	55.95032	0	55.65759	0	0	0	97.35202	0	0	0	63.50416	58.62696	0	45.01666	59.40006	0	59.73359	125.15645
cg06532789	946.49518	0	127.59442	391.65221	490.38839	1113.15189	690.88606	1228.42577	74.56010	97.35202	620.80253	704.33982	973.77305	952.56239	820.77739	0	360.13325	237.60024	317.66201	716.80306	1251.56446
cg06635832	0	0	0	0	0	0	0	0	0	0	0	0	0	0	0	0	0	0	0	0	0
cg06666194	55.67619	0	0	0	0	0	0	0	0	0	56.43659	0	0	0	0	0	0	0	0	0	0
cg06686246	0	0	0	55.95032	0	0	57.57384	61.42129	0	0	0	0	0	0	58.62696	0	45.01666	0	0	59.73359	0
cg06713259	0	68.64831	42.53147	55.95032	0	0	0	122.84258	0	48.67601	0	0	0	0	0	0	0	0	0	0	0
cg06763641	0	0	0	0	0	0	0	0	0	0	0	0	0	0	0	0	0	0	0	0	0
cg06806041	0	0	42.53147	0	0	111.31519	0	0	0	48.67601	0	54.17999	64.91820	0	0	0	0	0	52.94367	59.73359	0
cg06904086	0	0	0	0	0	0	0	0	0	0	0	0	0	0	0	0	0	0	0	0	0
cg06959818	167.02856	0	297.72031	0	49.03884	111.31519	57.57384	61.42129	0	146.02804	0	54.17999	0	63.50416	117.25391	0	90.03331	0	52.94367	59.73359	0
cg06993467	890.81900	274.59326	893.16094	783.30443	980.77678	1224.46708	1036.32909	491.37031	0	1168.22430	677.23912	812.69979	519.34562	825.55407	820.77739	146.23090	1260.46637	534.60053	900.04235	716.80306	750.93867
cg06996389	0	0	0	0	0	0	0	0	0	0	0	0	0	0	0	0	0	0	0	0	0
cg07103846	2171.37130	343.24157	2041.51072	783.30443	2893.29149	1280.12467	1727.21515	2825.37928	149.12019	973.52025	1241.60506	4063.49894	1817.70969	1143.07487	2227.82435	219.34635	1350.49968	1306.80131	3335.45108	1314.13894	1126.40801
cg07186168	0	0	0	0	0	0	57.57384	0	0	0	0	0	0	0	0	0	0	0	0	0	0
cg07262620	0	0	0	0	98.07768	0	0	61.42129	0	97.35202	0	0	0	0	0	0	45.01666	0	0	0	0
cg07300076	0	0	0	0	0	0	0	61.42129	0	0	0	0	0	0	0	0	0	0	0	0	0
cg07428136	0	0	0	0	0	0	0	0	0	0	0	0	0	0	0	0	0	0	0	0	0
cg07494431	0	0	85.06295	0	0	0	0	61.42129	0	146.02804	0	108.35997	0	0	0	0	90.03331	0	105.88734	59.73359	62.57822
cg07499899	0	0	0	0	0	0	0	0	74.56010	0	0	0	0	0	0	73.11545	0	0	52.94367	0	0
cg07548283	0	0	170.12589	0	0	111.31519	57.57384	0	0	194.70405	56.43659	54.17999	129.83641	0	117.25391	0	45.01666	0	52.94367	238.93435	0
cg07661965	501.08569	1235.66966	467.84621	839.25474	490.38839	278.28797	806.03374	368.52773	1342.08172	584.11215	620.80253	325.07992	454.42742	825.55407	351.76174	1096.73174	405.14991	1069.20107	688.26768	836.27023	688.36045
cg07727170	222.70475	0	85.06295	111.90063	147.11652	166.97278	230.29535	184.26387	149.12019	0	0	54.17999	64.91820	0	0	0	0	118.80012	105.88734	119.46718	0
cg07843309	55.67619	0	0	0	49.03884	0	0	61.42129	0	0	0	0	0	0	0	73.11545	45.01666	0	0	0	0
cg07870237	0	0	0	0	0	0	0	0	0	48.67601	0	0	0	0	0	0	0	0	0	0	0
cg07881483	0	0	42.53147	0	49.03884	0	0	0	0	0	0	0	64.91820	0	0	0	45.01666	0	0	0	0
cg07910680	0	0	0	0	0	0	0	0	0	0	0	0	0	0	0	0	0	0	0	0	0
cg07938459	0	0	0	0	0	0	0	0	0	0	0	0	0	0	0	0	0	0	0	0	62.57822
cg08036487	0	68.64831	0	0	49.03884	0	0	0	0	0	0	0	129.83641	63.50416	0	0	0	0	52.94367	0	62.57822
cg08145798	0	137.29663	85.06295	0	147.11652	55.65759	57.57384	122.84258	74.56010	0	0	0	0	127.00832	58.62696	146.23090	45.01666	59.40006	0	119.46718	62.57822
cg08197287	278.38094	0	212.65737	55.95032	98.07768	166.97278	0	61.42129	0	48.67601	0	54.17999	389.50922	0	175.88087	73.11545	90.03331	59.40006	317.66201	298.66794	250.31289
cg08241939	0	0	0	0	0	0	0	0	0	0	0	0	0	0	0	0	0	0	0	0	0
cg08259514	167.02856	0	0	0	49.03884	0	0	0	0	0	0	0	0	63.50416	117.25391	0	0	0	0	0	0
cg08315530	0	0	42.53147	0	0	0	0	0	0	0	0	0	0	0	0	0	0	0	0	0	0
cg08401628	0	0	0	0	0	166.97278	403.01687	0	0	0	0	108.35997	454.42742	190.51248	0	0	0	118.80012	0	179.20076	375.46934
cg08478672	0	0	0	0	0	0	0	0	0	48.67601	0	0	0	0	0	0	0	0	0	0	0
cg08491843	445.40950	137.29663	212.65737	447.60253	392.31071	166.97278	345.44303	122.84258	223.68029	243.38006	395.05615	270.89993	389.50922	571.53744	293.13478	73.11545	180.06662	534.60053	264.71834	59.73359	187.73467
cg08511886	5456.26635	17230.72699	10122.49064	9959.15627	7650.05885	6233.65058	4433.18556	6756.34175	15135.69937	10221.96262	9424.91111	5905.61846	6297.06570	5016.82860	5217.79914	16962.78424	9813.63104	10929.61093	6670.90216	5435.75653	5819.77472
cg08542002	0	0	0	0	0	0	0	0	0	0	0	0	0	0	0	0	0	0	0	0	0
cg08564172	0	0	0	0	0	0	0	0	149.12019	0	0	0	0	0	0	0	0	0	0	0	0
cg08573409	0	0	85.06295	0	0	0	0	0	0	48.67601	0	54.17999	0	0	0	0	90.03331	0	0	59.73359	62.57822
cg08591265	723.79043	205.94494	255.18884	615.45348	833.66026	333.94557	403.01687	491.37031	0	97.35202	620.80253	325.07992	259.67281	317.52080	820.77739	511.80815	135.04997	594.00059	317.66201	537.60229	563.20401
cg08625794	0	0	0	0	0	0	0	0	0	0	0	0	0	0	0	0	0	0	0	0	0
cg08696062	55.67619	0	0	0	98.07768	55.65759	115.14768	0	0	0	0	0	0	127.00832	117.25391	0	0	0	105.88734	119.46718	125.15645
cg08697985	0	0	0	55.95032	0	0	0	0	0	0	56.43659	0	0	0	0	0	45.01666	0	0	0	0
cg08717672	0	0	0	0	0	0	0	0	0	0	0	0	0	0	0	0	0	0	0	0	0
cg08739399	0	0	42.53147	0	0	0	0	0	0	0	0	0	0	0	0	0	45.01666	0	0	59.73359	0
cg08805158	0	0	0	0	0	0	57.57384	0	0	0	0	0	0	0	0	0	0	0	0	0	0
cg08850922	55.67619	0	0	111.90063	49.03884	111.31519	0	0	0	0	56.43659	0	64.91820	63.50416	0	0	0	0	0	0	0
cg08895590	0	0	0	55.95032	0	0	0	0	0	0	0	0	0	0	0	0	0	0	0	0	0
cg08975360	0	0	0	0	0	0	0	0	0	0	0	0	0	0	0	0	0	0	0	0	0
cg09008320	278.38094	0	42.53147	0	49.03884	111.31519	57.57384	61.42129	0	0	0	54.17999	0	127.00832	58.62696	73.11545	0	0	105.88734	59.73359	0
cg09097524	0	0	0	0	0	0	0	0	0	0	0	0	0	0	0	0	45.01666	0	0	0	0
cg09132194	0	0	0	0	0	0	0	0	74.56010	0	0	0	0	0	0	0	0	0	0	0	0
cg09144744	445.40950	961.07641	382.78326	55.95032	245.19419	500.91835	230.29535	307.10644	671.04086	632.78816	225.74637	487.61987	194.75461	762.04991	410.38870	658.03904	225.08328	178.20018	264.71834	477.86871	563.20401
cg09180564	556.76187	137.29663	552.90915	503.55285	490.38839	166.97278	345.44303	184.26387	223.68029	778.81620	451.49275	325.07992	389.50922	635.04160	410.38870	73.11545	720.26650	534.60053	370.60568	59.73359	187.73467
cg09212118	0	0	0	0	49.03884	0	0	0	0	0	0	0	0	0	0	0	0	0	0	0	0
cg09327847	0	0	0	0	98.07768	0	0	0	0	0	0	0	0	0	0	0	45.01666	0	0	0	0
cg09345868	0	0	0	0	0	0	0	0	0	0	0	0	0	0	0	0	0	0	0	0	0
cg09568092	0	0	0	0	0	0	0	0	0	48.67601	0	0	0	63.50416	0	0	0	0	0	0	0
cg09574009	0	0	42.53147	0	0	0	0	0	0	0	0	0	0	0	0	0	0	0	52.94367	0	0
cg09592121	0	0	127.59442	0	98.07768	55.65759	0	122.84258	74.56010	48.67601	0	108.35997	0	0	0	0	90.03331	0	52.94367	59.73359	0
cg09623010	0	0	0	0	0	0	0	0	0	0	0	0	0	0	0	0	0	0	0	0	0
cg09638421	55.67619	0	0	0	0	0	0	0	0	0	0	0	0	0	0	0	0	0	0	0	0
cg09688014	612.43806	137.29663	2381.76250	111.90063	980.77678	389.60316	230.29535	552.79160	0	1119.54829	0	758.51980	129.83641	63.50416	234.50783	146.23090	1755.64959	0	847.09869	119.46718	62.57822
cg09790325	0	0	0	0	0	0	0	0	0	0	0	0	0	0	0	0	0	0	0	0	0
cg09791440	0	68.64831	0	0	0	0	0	0	0	97.35202	0	0	0	0	0	0	0	0	0	59.73359	0
cg09835239	0	0	0	0	0	0	0	0	0	0	0	0	0	0	0	0	0	0	0	0	0
cg10087448	0	0	0	0	0	0	0	0	0	0	0	54.17999	0	0	0	0	0	0	0	0	0
cg10169177	55.67619	0	340.25179	0	294.23303	0	115.14768	61.42129	0	389.40810	56.43659	595.97985	64.91820	63.50416	175.88087	0	495.18322	0	370.60568	59.73359	0
cg10212432	55.67619	0	42.53147	0	0	55.65759	0	61.42129	0	0	0	54.17999	0	0	58.62696	0	45.01666	0	0	0	0
cg10291238	40754.96910	46612.20567	29048.99626	54663.45885	39132.99333	41854.51105	44159.13409	46680.17935	48911.42261	35436.13707	57847.50832	37871.81015	45247.98754	47247.09468	43266.69403	45989.61761	35563.15837	51975.05198	41931.38501	45576.72779	47121.40175
cg10369790	556.76187	137.29663	552.90915	503.55285	490.38839	166.97278	345.44303	184.26387	223.68029	778.81620	451.49275	325.07992	389.50922	635.04160	410.38870	73.11545	720.26650	534.60053	370.60568	59.73359	187.73467
cg10395101	0	0	0	111.90063	49.03884	55.65759	0	61.42129	74.56010	0	56.43659	0	0	0	0	73.11545	45.01666	0	0	59.73359	0
cg10399764	278.38094	0	637.97210	55.95032	49.03884	55.65759	230.29535	307.10644	0	778.81620	169.30978	433.43989	194.75461	127.00832	175.88087	0	450.16656	59.40006	582.38035	0	0
cg10574006	0	0	0	0	0	0	0	0	0	0	0	0	0	0	0	0	0	0	0	0	0
cg10576721	16090.41813	33019.83936	16842.46342	23946.73530	19076.10828	17198.19669	17905.46376	14434.00283	34223.08381	17766.74455	23364.74970	17012.51558	16034.79616	16828.60227	16298.29396	35899.68560	18501.84568	22156.22216	19112.66413	18218.74440	17021.27660
cg10587082	0	0	0	0	0	0	0	0	0	0	0	0	0	0	0	0	0	0	0	0	0
cg10603156	0	0	0	0	0	0	0	0	0	0	0	0	0	0	0	0	0	0	0	0	0
cg10605269	0	0	0	0	0	0	0	0	0	0	0	0	0	0	0	0	0	0	0	0	0
cg10671950	501.08569	4942.67866	552.90915	1398.75790	637.50490	166.97278	460.59071	491.37031	5666.56725	292.05607	1072.29528	216.71994	389.50922	762.04991	351.76174	5995.46684	855.31647	1544.40154	423.54934	298.66794	438.04756
cg10736139	55.67619	137.29663	170.12589	55.95032	49.03884	166.97278	230.29535	245.68515	223.68029	146.02804	169.30978	216.71994	129.83641	63.50416	175.88087	73.11545	135.04997	178.20018	158.83100	298.66794	187.73467
cg10766285	0	0	0	0	0	0	0	0	0	0	0	0	0	63.50416	0	0	45.01666	0	158.83100	0	0
cg10828910	55.67619	0	0	0	0	0	0	0	0	0	0	0	0	0	0	0	0	0	0	0	0
cg10885779	0	68.64831	127.59442	55.95032	98.07768	333.94557	172.72152	0	223.68029	146.02804	225.74637	325.07992	194.75461	0	175.88087	0	135.04997	118.80012	0	59.73359	187.73467
cg10995503	0	0	0	0	0	55.65759	0	0	0	0	0	0	0	0	0	73.11545	0	0	0	0	0
cg11009695	0	0	0	0	0	0	0	0	0	0	0	54.17999	0	0	0	0	0	0	0	0	0
cg11058691	0	0	0	0	0	0	0	0	0	0	0	0	0	0	0	0	0	0	0	0	0
cg11139090	0	0	0	0	0	0	0	0	0	0	0	0	0	0	0	0	0	0	0	0	0
cg11218619	278.38094	0	42.53147	0	49.03884	111.31519	57.57384	61.42129	0	0	0	54.17999	0	127.00832	58.62696	73.11545	0	0	105.88734	59.73359	0
cg11238820	111.35237	205.94494	127.59442	0	147.11652	55.65759	57.57384	0	372.80048	48.67601	56.43659	54.17999	0	0	58.62696	438.69270	45.01666	0	105.88734	0	0
cg11259152	0	0	0	0	0	0	0	0	0	97.35202	0	0	0	0	0	0	90.03331	0	0	0	0
cg11296005	55.67619	0	42.53147	55.95032	196.15536	55.65759	0	0	74.56010	48.67601	0	0	0	0	0	73.11545	45.01666	0	52.94367	0	0
cg11391811	0	0	0	0	0	0	0	0	0	0	0	0	0	0	0	0	0	0	0	0	0
cg11403563	0	0	0	0	0	55.65759	0	0	0	0	0	54.17999	64.91820	0	0	0	0	0	52.94367	0	0
cg11525409	0	0	0	0	0	0	0	0	0	0	0	0	0	0	0	0	0	0	0	0	0
cg11546251	55.67619	0	127.59442	55.95032	0	111.31519	0	0	149.12019	0	56.43659	0	64.91820	0	58.62696	73.11545	135.04997	0	0	59.73359	0
cg11583160	0	0	0	0	0	0	0	61.42129	0	0	0	0	64.91820	0	0	0	0	59.40006	0	0	0
cg11586360	6681.14248	8375.09439	11355.90337	5259.32972	5835.62181	5510.10185	5872.53152	7370.55463	6561.28840	11438.86293	6038.71550	5797.25849	6361.98390	5651.87020	7504.25045	6872.85223	10939.04745	5286.60529	6776.78950	7526.43211	5506.88360
cg11631265	1113.52375	274.59326	1828.85335	279.75158	637.50490	779.20632	172.72152	798.47675	447.36057	2336.44860	338.61956	1408.67963	324.59102	254.01664	820.77739	365.57725	2070.76618	297.00030	794.15502	477.86871	250.31289
cg11633770	111.35237	0	0	55.95032	0	0	0	0	0	0	0	0	0	63.50416	0	0	45.01666	0	0	0	0
cg11653000	0	0	0	0	0	0	0	0	0	48.67601	0	0	0	0	0	0	0	0	0	0	0
cg11745838	0	68.64831	0	0	0	0	0	0	0	0	0	0	0	0	0	0	0	0	0	0	0
cg11846636	445.40950	137.29663	467.84621	0	343.27187	111.31519	57.57384	0	74.56010	292.05607	56.43659	216.71994	324.59102	127.00832	351.76174	73.11545	90.03331	237.60024	529.43668	179.20076	375.46934
cg11924172	55.67619	0	212.65737	0	49.03884	0	115.14768	0	0	194.70405	0	108.35997	0	0	58.62696	0	180.06662	0	0	0	0
cg11950754	0	0	0	0	0	0	0	0	0	0	0	54.17999	0	0	0	0	0	0	0	0	0
cg11969813	111.35237	68.64831	42.53147	111.90063	0	55.65759	0	184.26387	0	0	0	0	0	0	58.62696	0	0	0	105.88734	0	62.57822
cg11987802	0	0	0	0	0	0	0	0	0	0	0	0	0	0	58.62696	0	0	0	0	0	0
cg12030118	612.43806	343.24157	1148.34978	55.95032	441.34955	166.97278	57.57384	429.94902	298.24038	1898.36449	56.43659	433.43989	129.83641	63.50416	351.76174	146.23090	1125.41640	118.80012	264.71834	477.86871	0
cg12059894	0	0	0	0	0	0	0	0	0	0	0	0	0	0	0	0	0	0	0	0	0
cg12078931	0	0	0	0	0	0	0	0	0	0	56.43659	0	0	0	0	0	0	0	0	0	0
cg12159464	0	0	0	0	49.03884	0	0	0	0	0	0	54.17999	64.91820	0	0	0	0	0	0	0	0
cg12165841	96653.86114	164893.25187	96036.06669	135343.81469	123038.44645	106751.26621	117508.20427	107548.67637	160155.08500	97595.40498	124950.61798	115620.08994	110620.61802	118435.25751	98317.40634	157929.37048	94534.97794	129016.92902	118964.42186	107639.92593	118648.31039
cg12196642	0	0	0	0	0	0	0	0	0	0	0	54.17999	0	0	0	0	0	0	0	0	0
cg12224508	0	0	0	0	0	0	0	0	0	0	0	0	0	0	0	0	45.01666	0	0	0	0
cg12243499	501.08569	0	85.06295	0	245.19419	166.97278	172.72152	245.68515	0	48.67601	0	433.43989	64.91820	190.51248	703.52348	0	180.06662	0	317.66201	179.20076	0
cg12304116	111.35237	0	212.65737	0	245.19419	0	57.57384	184.26387	0	97.35202	0	216.71994	64.91820	63.50416	58.62696	0	135.04997	0	317.66201	119.46718	0
cg12476579	16869.88475	27184.73261	37555.29092	14267.33061	17899.17615	12244.67079	12723.81830	19040.59947	27214.43483	39232.86604	14109.14837	18312.83524	13048.55882	11938.78199	16532.80178	27418.29349	38219.14108	16453.81645	21653.96019	13977.65964	13016.27034
cg12548555	0	0	0	0	0	0	0	0	0	0	0	54.17999	0	0	0	0	0	0	0	0	0
cg12550490	0	0	0	0	0	0	0	0	0	0	0	0	0	0	0	0	0	0	0	0	0
cg12579921	55.67619	68.64831	0	0	49.03884	0	0	0	0	0	0	0	64.91820	0	0	0	0	0	0	0	0
cg12753781	0	0	0	0	0	0	115.14768	0	0	0	0	0	64.91820	0	0	0	0	0	0	0	0
cg12757631	222.70475	0	170.12589	0	98.07768	389.60316	115.14768	184.26387	0	48.67601	112.87319	325.07992	64.91820	63.50416	117.25391	0	135.04997	0	317.66201	298.66794	187.73467
cg12765567	111.35237	0	0	0	49.03884	0	0	0	0	0	0	0	194.75461	63.50416	175.88087	0	45.01666	0	0	0	0
cg12905710	0	0	0	0	0	0	0	0	0	0	56.43659	54.17999	0	0	0	0	0	0	0	0	0
cg12968741	222.70475	0	42.53147	167.85095	245.19419	222.63038	0	0	0	48.67601	112.87319	54.17999	259.67281	127.00832	0	73.11545	45.01666	59.40006	158.83100	179.20076	62.57822
cg12991263	1002.17137	755.13146	935.69241	1007.10569	490.38839	389.60316	921.18142	1351.26835	521.92067	778.81620	902.98550	541.79986	843.93664	762.04991	1407.04696	292.46180	675.24984	1069.20107	847.09869	896.00382	438.04756
cg13008366	0	0	0	0	0	0	0	0	0	0	0	0	0	0	0	0	0	0	0	0	0
cg13068284	0	0	0	0	0	0	0	0	0	0	0	0	0	0	0	0	0	0	0	0	0
cg13120180	0	0	0	0	0	0	0	0	0	0	0	0	0	0	0	0	0	0	0	0	0
cg13130043	0	0	0	55.95032	0	0	0	0	0	0	56.43659	0	0	0	0	0	0	0	0	0	0
cg13235761	0	0	0	0	0	0	0	0	0	0	0	0	0	0	0	0	0	0	0	0	0
cg13273037	0	137.29663	0	55.95032	0	0	57.57384	61.42129	74.56010	0	56.43659	0	0	63.50416	0	146.23090	0	59.40006	0	59.73359	62.57822
cg13292626	19542.34174	21898.81238	16799.93195	22659.87803	19517.45783	19814.10363	17099.43002	19163.44205	20653.14644	15771.02804	21840.96168	17933.57534	18891.19709	18162.18962	18408.86440	20691.67215	17286.39597	21205.82121	18212.62177	18517.41234	18961.20150
cg13353957	0	0	0	0	0	0	0	0	0	0	0	0	0	63.50416	0	0	0	0	0	0	0
cg13376120	111.35237	68.64831	0	55.95032	147.11652	55.65759	230.29535	61.42129	149.12019	146.02804	169.30978	162.53996	259.67281	63.50416	293.13478	438.69270	90.03331	0	264.71834	298.66794	187.73467
cg13430534	0	0	0	0	0	0	0	0	0	0	0	0	0	0	0	0	0	0	0	0	0
cg13440411	1057.84756	1922.15281	7400.47635	1342.80759	2255.78658	834.86392	1151.47677	1228.42577	1118.40143	8226.24611	1185.16846	1571.21959	779.01844	698.54575	1582.92783	1681.65533	6932.56505	1247.40125	2117.74672	896.00382	1501.87735
cg13587796	0	0	42.53147	0	0	0	0	0	0	48.67601	0	0	0	0	0	0	0	0	0	0	0
cg13624095	55.67619	0	0	0	0	0	0	122.84258	0	0	112.87319	0	64.91820	0	0	0	0	0	0	59.73359	0
cg13653793	55.67619	68.64831	85.06295	0	0	0	0	61.42129	0	97.35202	0	0	0	63.50416	0	0	45.01666	0	0	0	0
cg13739312	0	0	0	0	0	0	0	0	0	0	0	0	0	0	0	0	0	0	0	0	0
cg13880598	130282.27827	131255.57768	129338.21028	132714.14983	121076.89290	135971.50331	136277.27561	122351.20693	139054.57799	132350.07788	127264.51831	130573.76605	124578.03168	137359.49705	127630.88468	141039.70169	133474.38552	128185.32819	120235.06989	125440.53521	134167.70964
cg13892977	40810.64529	107777.85405	34025.17863	59754.93762	31286.77913	40908.33194	44274.28177	39985.25889	103638.53266	31444.70405	61177.26734	31478.57182	42651.25941	44389.40751	38107.52184	102361.62901	31736.74259	62191.86219	31130.87675	47249.26826	48498.12265
cg13974838	0	0	0	0	0	0	0	0	0	0	0	0	0	0	0	0	0	0	0	0	0
cg14076183	0	0	0	0	147.11652	55.65759	0	0	0	0	0	0	64.91820	0	0	0	45.01666	0	52.94367	0	62.57822
cg14093252	0	0	0	0	0	0	0	0	0	0	0	0	0	0	0	0	0	0	0	0	0
cg14172482	0	0	42.53147	0	0	0	0	0	0	0	0	54.17999	0	0	0	0	0	0	0	0	0
cg14252237	0	0	0	0	0	0	0	0	0	0	0	0	0	0	0	0	0	0	0	0	0
cg14331765	0	0	0	0	0	0	0	61.42129	0	0	0	0	0	0	0	0	0	0	0	0	0
cg14383403	222.70475	1304.31798	170.12589	503.55285	147.11652	278.28797	403.01687	429.94902	372.80048	146.02804	451.49275	270.89993	0	381.02496	117.25391	877.38539	45.01666	297.00030	158.83100	119.46718	438.04756
cg14391978	111.35237	0	127.59442	55.95032	98.07768	55.65759	0	0	0	681.46417	112.87319	54.17999	64.91820	0	117.25391	0	585.21653	0	105.88734	59.73359	62.57822
cg14431175	50553.97806	53614.33377	60054.44029	58468.08034	53305.21773	53041.68754	53601.24359	54296.41914	50402.62452	59676.79128	61459.45031	53475.64610	53817.19034	52898.96488	50360.55578	58199.89764	59827.13604	56667.65667	54796.69632	51550.08661	49874.84355
cg14550716	0	68.64831	0	223.80126	49.03884	0	230.29535	61.42129	74.56010	0	0	0	129.83641	0	0	0	0	59.40006	52.94367	0	0
cg14575790	55.67619	0	0	55.95032	0	0	115.14768	61.42129	0	0	56.43659	54.17999	0	190.51248	0	0	0	0	0	59.73359	0
cg14652038	55.67619	0	0	0	49.03884	0	0	61.42129	0	0	0	0	0	0	0	0	0	0	52.94367	0	62.57822
cg14664187	0	0	0	0	0	0	57.57384	0	0	0	0	54.17999	0	0	0	0	0	0	0	0	0
cg14730193	35688.43606	26155.00789	21988.77169	34801.09663	36632.01255	36956.64273	28383.90235	38081.19894	27810.91560	26577.10280	34539.19521	37004.93038	40314.20410	30863.02153	36348.71314	23762.52102	25659.49401	32016.63202	36848.79288	35183.08345	34292.86608
cg14857865	55.67619	0	85.06295	55.95032	49.03884	55.65759	0	122.84258	0	0	0	0	64.91820	0	0	0	0	0	0	59.73359	62.57822
cg14900145	278.38094	0	680.50357	0	490.38839	222.63038	57.57384	61.42129	0	438.08411	56.43659	216.71994	259.67281	63.50416	117.25391	0	495.18322	59.40006	264.71834	238.93435	187.73467
cg14959168	0	0	0	0	0	0	0	0	0	48.67601	0	54.17999	0	0	0	0	0	0	0	0	0
cg15016701	55.67619	68.64831	0	0	0	55.65759	57.57384	61.42129	74.56010	0	112.87319	0	64.91820	0	58.62696	0	45.01666	0	0	59.73359	0
cg15031965	0	0	0	0	0	0	0	0	0	0	0	54.17999	0	0	0	0	0	0	0	0	0
cg15034643	0	0	0	0	0	55.65759	57.57384	0	0	0	0	0	0	0	58.62696	0	0	0	0	0	0
cg15043615	55.67619	68.64831	127.59442	0	49.03884	222.63038	0	61.42129	74.56010	146.02804	112.87319	54.17999	324.59102	63.50416	0	292.46180	45.01666	59.40006	105.88734	59.73359	62.57822
cg15078203	24608.87478	892.42809	37300.10208	2182.06233	17506.86544	16808.59353	6966.43445	21497.45102	745.60095	31736.76012	1354.47824	20100.77477	16164.63256	6540.92843	18819.25309	731.15449	31331.59269	2079.00208	18900.88945	15590.46652	6007.50939
cg15144984	0	0	0	55.95032	0	0	0	0	0	97.35202	0	0	0	63.50416	0	0	0	0	0	0	0
cg15147732	0	0	0	0	0	0	0	0	0	0	0	0	0	0	0	0	0	0	0	0	0
cg15167636	0	0	0	55.95032	49.03884	0	0	61.42129	0	97.35202	0	0	64.91820	0	0	0	45.01666	0	0	59.73359	62.57822
cg15203301	0	0	0	0	0	0	0	0	0	0	0	0	0	0	0	0	0	0	0	0	0
cg15238183	0	0	0	0	0	0	0	0	0	0	0	0	0	0	0	0	0	0	0	0	0
cg15252682	111.35237	0	0	0	0	0	0	0	0	0	0	108.35997	0	63.50416	0	0	90.03331	0	105.88734	59.73359	0
cg15355388	389.73331	0	637.97210	0	735.58258	55.65759	0	122.84258	0	778.81620	0	650.15983	64.91820	0	117.25391	73.11545	585.21653	0	529.43668	0	0
cg15408889	0	68.64831	42.53147	55.95032	0	0	57.57384	61.42129	0	0	112.87319	0	64.91820	0	58.62696	73.11545	45.01666	59.40006	52.94367	119.46718	62.57822
cg15531449	0	0	0	0	0	0	0	0	0	0	0	0	0	0	0	0	0	0	0	0	0
cg15540410	0	0	0	0	0	0	0	0	0	0	0	0	0	0	0	0	0	0	0	0	0
cg15613077	8017.37097	892.42809	56822.04832	447.60253	14319.34092	1335.78227	690.88606	7247.71206	298.24038	48140.57632	451.49275	13219.91656	2142.30070	635.04160	6155.83045	877.38539	57261.18664	356.40036	12124.09996	1612.80688	813.51690
cg15634144	0	0	0	0	0	0	0	0	0	0	0	0	0	0	0	0	45.01666	0	0	0	0
cg15663074	0	137.29663	0	111.90063	0	0	0	0	0	48.67601	0	54.17999	0	0	117.25391	0	0	59.40006	52.94367	119.46718	0
cg15678767	0	0	0	0	0	0	0	0	0	0	0	0	0	0	0	0	0	0	0	0	0
cg15781627	0	0	0	0	0	0	0	0	0	0	0	0	0	0	0	0	0	0	0	0	0
cg15782819	0	0	0	0	0	0	0	0	0	97.35202	0	0	0	0	0	0	0	0	0	0	0
cg15828854	334.05712	68.64831	170.12589	111.90063	245.19419	166.97278	345.44303	368.52773	149.12019	292.05607	169.30978	162.53996	324.59102	63.50416	175.88087	219.34635	135.04997	0	158.83100	298.66794	187.73467
cg15871797	0	0	0	0	0	0	0	0	0	48.67601	0	0	0	0	0	73.11545	0	59.40006	0	0	0
cg15899242	0	0	42.53147	0	0	0	0	0	0	48.67601	0	0	0	0	0	0	45.01666	0	0	0	0
cg16110131	0	0	0	0	0	0	0	61.42129	0	0	0	0	0	0	0	0	0	0	0	0	0
cg16239717	0	0	85.06295	55.95032	0	0	0	61.42129	0	0	56.43659	108.35997	64.91820	0	0	0	90.03331	59.40006	0	0	62.57822
cg16297799	18039.08468	686.48315	21563.45696	3077.26739	16182.81679	25658.15105	7427.02516	11240.09582	298.24038	10854.75078	1636.66121	10240.01734	11101.01272	4826.31612	16298.29396	292.46180	13685.06347	3148.20315	12812.36764	12663.52070	6382.97872
cg16368573	3062.19030	2608.63596	1743.79040	3077.26739	2697.13613	2059.33100	2245.37970	1965.48124	2535.04324	1995.71651	2934.70286	3034.07921	2337.05531	2857.68718	2051.94348	2485.92528	2160.79950	4158.00416	2858.95807	2150.40918	2565.70713
cg16375198	0	0	0	0	0	0	0	0	0	0	0	0	0	0	0	0	0	0	0	0	0
cg16411818	0	0	170.12589	0	49.03884	55.65759	0	0	0	97.35202	0	0	0	0	0	73.11545	225.08328	0	52.94367	0	0
cg16456182	0	0	0	0	0	0	0	0	0	0	0	54.17999	0	0	0	0	0	0	0	0	0
cg16459881	0	0	0	0	0	55.65759	0	61.42129	0	0	0	0	0	0	0	0	0	0	0	0	0
cg16504278	55.67619	0	0	0	147.11652	111.31519	115.14768	0	0	48.67601	0	108.35997	64.91820	63.50416	0	73.11545	45.01666	0	0	59.73359	0
cg16543948	0	0	0	0	0	0	0	0	0	0	0	0	0	0	0	0	0	0	0	0	0
cg16575491	0	0	85.06295	0	98.07768	0	57.57384	122.84258	0	48.67601	0	0	0	0	0	0	0	0	52.94367	0	0
cg16669300	222.70475	0	85.06295	0	49.03884	0	0	61.42129	0	48.67601	0	0	0	0	0	0	0	0	52.94367	59.73359	0
cg16755880	0	0	0	0	0	0	0	0	0	0	0	0	0	0	0	0	0	0	0	0	0
cg16859420	55.67619	0	0	0	0	0	0	0	0	0	0	0	0	0	0	0	0	0	0	0	0
cg16860151	55.67619	274.59326	297.72031	111.90063	0	0	57.57384	0	149.12019	146.02804	169.30978	54.17999	0	0	58.62696	658.03904	135.04997	0	0	0	0
cg16876710	0	0	0	0	0	0	0	0	0	0	0	0	0	0	0	0	0	0	0	0	0
cg17017152	0	0	85.06295	55.95032	49.03884	0	0	0	0	0	112.87319	0	0	0	0	0	0	0	0	59.73359	62.57822
cg17041776	42703.63566	49632.73152	38958.82953	42354.38930	48450.37270	40240.44081	42604.64045	47785.76255	57113.03310	50866.43302	48817.65337	57376.60508	49272.91613	45722.99486	54229.93492	51107.69906	45331.77276	46153.84615	50667.09022	47607.66979	39674.59324
cg17117905	0	0	0	0	0	0	0	0	0	0	0	0	0	0	58.62696	0	0	0	0	0	0
cg17284119	0	0	0	0	0	0	0	61.42129	0	48.67601	0	0	0	0	0	0	0	0	0	59.73359	0
cg17334836	0	0	0	0	0	0	0	0	0	0	0	0	0	0	0	0	0	0	0	0	0
cg17379926	0	0	0	0	0	0	0	0	74.56010	0	0	0	0	0	0	0	0	0	0	0	0
cg17383678	0	0	85.06295	0	49.03884	0	0	0	0	0	0	108.35997	0	0	0	146.23090	45.01666	59.40006	52.94367	0	0
cg17407560	0	0	42.53147	0	0	0	0	0	0	0	0	0	0	0	0	73.11545	0	0	0	0	0
cg17428739	0	0	0	0	0	0	0	0	0	0	0	0	0	0	0	0	45.01666	0	0	0	0
cg17518427	0	0	0	0	0	0	0	0	0	0	0	0	0	0	0	0	45.01666	0	0	0	0
cg17525197	222.70475	343.24157	85.06295	447.60253	343.27187	222.63038	172.72152	368.52773	223.68029	146.02804	564.36593	54.17999	519.34562	571.53744	586.26957	658.03904	90.03331	475.20048	0	358.40153	625.78223
cg17573807	55.67619	0	0	0	0	0	0	0	0	0	56.43659	0	0	0	0	0	0	0	0	0	0
cg17608044	21713.71304	25468.52475	16161.95985	25793.09573	20547.27344	20982.91312	25159.76740	24077.14514	21696.98777	14894.85981	26186.57938	18150.29528	22916.12568	24957.13469	21281.58527	22738.90473	14315.29666	25779.62578	20383.31216	23116.89863	23717.14643
cg17632590	0	0	0	0	0	0	0	0	0	0	0	0	0	0	0	0	0	0	0	0	0
cg17654094	0	0	0	0	0	0	0	0	0	0	0	0	0	0	0	0	0	0	0	0	0
cg17656233	111.35237	0	85.06295	0	0	0	0	0	0	0	0	0	0	0	0	0	0	0	0	119.46718	62.57822
cg17702338	0	0	0	0	0	0	0	0	0	0	0	0	0	0	0	0	0	0	0	0	0
cg17730039	0	68.64831	0	0	0	0	0	0	0	48.67601	0	54.17999	64.91820	63.50416	0	0	0	0	52.94367	0	62.57822
cg17741809	0	0	0	0	0	0	0	0	0	0	0	0	0	0	0	0	0	0	0	0	0
cg17819732	0	0	42.53147	0	0	0	0	0	0	0	0	0	0	0	0	0	0	0	0	0	0
cg17845070	0	0	0	0	0	0	0	0	0	0	0	0	0	0	0	0	0	0	0	0	0
cg17960012	0	0	0	0	0	0	0	0	0	0	0	0	0	0	0	0	45.01666	0	0	0	0
cg17988310	0	0	0	0	0	0	0	0	0	0	0	0	0	0	0	0	0	0	0	0	0
cg18026754	0	0	0	55.95032	0	0	0	0	0	0	0	0	0	0	0	0	0	0	52.94367	59.73359	0
cg18044623	0	0	0	0	0	0	0	0	0	0	0	0	0	63.50416	0	0	0	0	0	0	62.57822
cg18066182	0	0	0	0	0	0	0	0	0	0	0	0	0	0	0	0	0	0	0	0	0
cg18281910	0	0	0	0	0	0	0	0	74.56010	0	0	54.17999	0	0	0	0	45.01666	0	0	0	0
cg18295201	0	0	42.53147	0	0	55.65759	57.57384	0	0	0	0	54.17999	0	63.50416	58.62696	0	45.01666	59.40006	0	59.73359	0
cg18312118	55.67619	0	85.06295	0	0	55.65759	57.57384	0	0	0	0	0	0	127.00832	58.62696	0	45.01666	0	52.94367	59.73359	0
cg18363294	0	0	0	0	0	0	0	0	0	0	0	0	0	0	0	0	0	0	0	0	0
cg18385689	17315.29425	17162.07867	13652.60293	17288.64768	13927.03021	13803.08343	14969.19800	16215.22020	15210.25947	12169.00312	18229.01970	14140.97632	14671.51389	15177.49413	15243.00874	17255.24603	12874.76366	17879.41788	15459.55104	15172.33140	15143.92991
cg18420301	334.05712	0	1148.34978	55.95032	392.31071	222.63038	115.14768	429.94902	0	632.78816	0	595.97985	129.83641	127.00832	410.38870	146.23090	1305.48303	59.40006	582.38035	0	125.15645
cg18425869	0	0	0	0	0	0	0	0	0	0	0	0	0	0	0	0	0	0	0	0	0
cg18488651	0	0	0	0	0	0	0	0	0	0	0	0	0	0	0	0	0	0	0	0	0
cg18512336	0	0	85.06295	0	147.11652	55.65759	0	61.42129	0	48.67601	56.43659	162.53996	129.83641	0	58.62696	0	225.08328	0	158.83100	119.46718	62.57822
cg18741439	0	0	42.53147	0	0	0	0	0	0	0	0	0	0	0	0	73.11545	0	0	0	0	62.57822
cg18842353	167.02856	0	935.69241	55.95032	245.19419	222.63038	57.57384	307.10644	0	438.08411	0	325.07992	129.83641	127.00832	351.76174	146.23090	1035.38309	59.40006	264.71834	0	62.57822
cg18962915	55.67619	0	0	55.95032	49.03884	166.97278	0	0	0	97.35202	112.87319	54.17999	64.91820	127.00832	0	0	45.01666	59.40006	0	59.73359	125.15645
cg19015086	0	0	42.53147	0	0	0	0	0	0	0	56.43659	0	0	0	0	0	0	0	0	0	62.57822
cg19025804	0	0	0	0	0	0	0	0	0	0	0	0	0	0	0	0	45.01666	0	0	0	0
cg19051802	0	0	0	0	0	0	0	0	0	0	0	0	0	0	0	0	0	0	0	0	0
cg19222080	55.67619	0	42.53147	0	49.03884	55.65759	57.57384	61.42129	0	146.02804	0	0	0	0	0	0	135.04997	59.40006	0	59.73359	0
cg19321522	0	0	0	0	0	0	0	0	0	0	0	0	0	0	0	0	0	0	0	0	0
cg19361800	0	0	0	0	0	0	0	0	0	0	0	0	64.91820	0	0	0	45.01666	0	0	59.73359	0
cg19405779	0	0	0	0	0	0	0	0	0	0	0	0	0	0	0	0	0	0	0	0	0
cg19448426	0	0	0	0	0	0	0	0	0	48.67601	56.43659	0	0	0	0	0	0	0	0	0	0
cg19597478	0	0	0	0	0	0	0	0	0	0	0	0	0	0	0	0	0	0	0	0	0
cg19645639	111.35237	0	0	0	0	0	57.57384	0	0	0	0	0	0	0	0	0	0	0	0	0	0
cg19710271	38026.83592	42767.90005	24625.72304	43249.59436	38495.48843	36066.12122	43410.67419	36852.77317	47271.10051	29156.93146	45713.64072	37113.29035	38950.92184	41912.74528	40218.09228	43064.99963	27775.27685	44015.44402	38066.49725	36556.95598	37484.35544
cg19724668	0	0	42.53147	0	0	0	0	0	0	0	0	0	0	0	0	0	0	0	0	0	0
cg19845127	0	0	42.53147	0	0	0	0	61.42129	0	48.67601	0	0	0	0	0	0	90.03331	0	0	59.73359	0
cg19932420	0	0	85.06295	0	98.07768	55.65759	57.57384	0	0	48.67601	0	0	0	0	0	0	135.04997	0	52.94367	0	0
cg20002209	0	0	0	0	0	0	0	0	0	0	0	0	0	0	0	0	0	0	0	0	0
cg20012601	0	0	0	0	0	0	0	0	0	0	0	0	0	0	0	0	0	0	0	0	0
cg20092482	0	0	0	0	0	0	115.14768	0	0	0	0	54.17999	0	0	58.62696	0	45.01666	0	0	0	0
cg20122123	0	68.64831	0	0	0	0	0	0	0	0	0	0	0	0	0	0	0	0	0	0	0
cg20173011	0	0	0	0	49.03884	0	0	0	0	0	0	0	0	0	0	0	0	0	0	0	0
cg20212210	0	0	0	55.95032	0	0	57.57384	0	0	0	0	108.35997	0	0	0	0	45.01666	118.80012	0	0	62.57822
cg20275066	0	0	0	0	0	0	0	0	0	0	0	0	0	0	0	0	0	0	0	0	0
cg20370581	0	0	127.59442	0	49.03884	55.65759	0	61.42129	0	48.67601	0	0	129.83641	0	58.62696	0	90.03331	0	52.94367	0	62.57822
cg20517614	30677.57920	10983.73035	19777.13508	69714.09388	18928.99176	66232.53743	108872.12850	31202.01462	10214.73307	19032.32087	70432.86867	23297.39394	62191.63854	106496.47552	36934.98271	11844.70279	18096.69578	76685.47669	19800.93181	65348.54549	104005.00626
cg20608895	0	0	808.09799	0	245.19419	111.31519	0	122.84258	0	681.46417	0	270.89993	0	0	117.25391	73.11545	360.13325	0	105.88734	0	0
cg20636874	0	0	0	0	0	0	0	0	0	0	0	0	0	0	0	0	0	0	0	0	0
cg20729622	0	0	0	0	0	0	0	0	0	0	0	0	0	0	0	0	0	0	0	0	0
cg20968743	0	0	0	0	0	0	0	0	0	0	0	0	0	0	0	0	45.01666	0	0	0	0
cg20992011	0	0	0	0	0	0	0	0	0	0	0	0	0	0	0	0	0	0	0	0	0
cg21055546	0	0	0	0	0	0	0	0	0	0	0	0	0	0	0	0	45.01666	0	0	0	0
cg21081729	111.35237	68.64831	42.53147	55.95032	0	0	0	61.42129	223.68029	48.67601	56.43659	54.17999	64.91820	63.50416	0	292.46180	45.01666	59.40006	0	59.73359	62.57822
cg21194128	0	0	0	0	0	0	0	0	0	0	0	0	0	0	0	0	0	0	0	0	0
cg21327469	55.67619	0	0	0	49.03884	0	0	0	0	0	0	0	0	0	58.62696	0	0	0	0	59.73359	0
cg21364560	0	0	0	0	49.03884	0	0	0	0	0	0	0	0	0	0	0	0	0	0	0	0
cg21468244	55.67619	0	0	55.95032	147.11652	55.65759	57.57384	0	0	146.02804	0	108.35997	129.83641	0	58.62696	0	45.01666	0	52.94367	0	62.57822
cg21567502	167.02856	0	0	0	49.03884	55.65759	0	0	0	48.67601	0	0	0	0	0	0	0	0	0	0	0
cg21578847	0	0	0	0	0	0	0	0	0	0	0	0	0	0	0	0	0	0	0	0	0
cg21654974	0	0	0	0	0	0	0	0	0	0	0	0	0	0	0	0	0	0	0	0	0
cg21658898	0	0	42.53147	0	49.03884	0	0	0	0	0	0	0	0	0	0	0	0	0	52.94367	0	0
cg21674813	111.35237	0	42.53147	0	392.31071	166.97278	172.72152	184.26387	0	194.70405	56.43659	108.35997	194.75461	127.00832	234.50783	0	45.01666	0	0	119.46718	62.57822
cg21727486	0	0	170.12589	0	0	0	0	0	0	0	0	54.17999	0	0	0	0	0	0	52.94367	0	0
cg21769444	111.35237	0	170.12589	0	49.03884	111.31519	115.14768	122.84258	0	48.67601	0	0	64.91820	0	117.25391	0	45.01666	0	0	0	0
cg21817212	0	0	0	0	0	0	0	0	0	0	0	0	0	0	0	0	0	0	0	0	0
cg21842905	334.05712	0	0	55.95032	0	166.97278	0	122.84258	0	48.67601	56.43659	108.35997	0	63.50416	0	73.11545	0	59.40006	0	0	62.57822
cg21860785	0	0	0	0	0	0	0	0	0	0	0	0	0	0	0	0	0	0	52.94367	0	0
cg21909680	0	0	0	0	0	0	0	0	0	0	0	54.17999	0	0	0	0	0	0	0	0	0
cg21975007	0	0	0	0	0	0	0	0	0	0	0	0	0	0	0	0	0	0	0	0	0
cg21987164	0	0	0	0	0	0	0	0	0	0	0	0	0	0	58.62696	0	0	0	0	0	0
cg22015030	167.02856	0	212.65737	55.95032	245.19419	166.97278	172.72152	61.42129	0	292.05607	56.43659	216.71994	129.83641	63.50416	234.50783	0	135.04997	0	52.94367	119.46718	125.15645
cg22193146	0	0	0	0	0	0	0	0	0	0	0	0	0	0	0	0	0	59.40006	0	0	0
cg22265636	2561.10462	3226.47079	2594.41987	3077.26739	4658.68968	4285.63477	4030.16869	4668.01794	2385.92305	3407.32087	3160.44924	4280.21889	4089.84679	3492.72877	4103.88697	2705.27162	2971.09931	2910.60291	4182.54977	3165.88017	3003.75469
cg22282414	556.76187	617.83483	637.97210	783.30443	1127.89329	1001.83670	518.16455	429.94902	745.60095	438.08411	677.23912	758.51980	519.34562	381.02496	469.01565	1316.07809	360.13325	1069.20107	423.54934	537.60229	938.67334
cg22482700	0	0	0	0	0	0	0	0	0	0	0	0	64.91820	0	0	0	0	0	0	0	62.57822
cg22571544	0	0	0	0	0	0	0	0	0	0	0	0	0	0	0	0	0	0	0	0	0
cg22704788	55.67619	0	0	0	49.03884	55.65759	0	0	0	0	0	0	0	127.00832	0	0	45.01666	0	0	0	62.57822
cg22818074	0	0	0	0	0	0	0	0	0	0	0	0	0	63.50416	0	0	0	0	52.94367	0	0
cg22825473	0	0	0	0	0	0	0	0	0	0	0	0	0	0	0	0	0	0	0	0	0
cg22830694	8295.75191	5217.27192	1998.97924	3524.86992	5247.15575	5844.04742	4030.16869	7800.50365	5815.68744	1849.68847	2934.70286	5201.27865	6881.32952	4572.29949	7152.48871	6653.50589	1890.69956	3564.00356	5347.31046	7645.89929	6382.97872
cg23004599	222.70475	68.64831	425.31473	335.70190	147.11652	111.31519	115.14768	307.10644	0	535.43614	169.30978	325.07992	129.83641	190.51248	0	0	225.08328	59.40006	423.54934	119.46718	250.31289
cg23011905	0	0	0	0	0	0	0	0	0	48.67601	0	0	0	0	0	0	90.03331	0	0	0	0
cg23020213	0	0	0	0	0	0	0	0	0	0	0	0	0	0	0	0	0	0	0	0	0
cg23023970	0	0	0	0	0	0	0	0	0	48.67601	0	0	0	0	0	0	45.01666	0	0	0	0
cg23083049	0	0	0	0	0	0	0	0	0	0	0	0	0	0	0	0	0	0	0	0	0
cg23133513	0	0	0	0	0	0	0	0	0	0	0	0	0	0	0	0	0	0	0	0	0
cg23300617	16925.56094	21212.32924	19181.69445	15050.63504	19909.76854	18478.32137	18884.21901	23217.24710	23337.30987	22147.58567	17269.59761	20046.59479	19215.78811	20194.32273	18643.37222	24128.09827	21337.89502	18117.01812	22395.17154	18278.47799	18272.84105
cg23323203	0	0	0	0	0	0	0	0	0	0	0	0	0	0	0	0	0	0	0	0	0
cg23381884	0	0	0	0	49.03884	0	0	0	0	48.67601	0	0	0	0	0	0	45.01666	0	0	0	0
cg23461741	0	68.64831	0	0	49.03884	0	0	0	0	48.67601	0	0	0	0	0	0	45.01666	0	0	0	0
cg23502298	0	0	0	0	0	0	0	0	0	0	56.43659	0	0	0	0	0	0	0	0	0	0
cg23577102	167.02856	0	42.53147	0	0	55.65759	57.57384	122.84258	0	48.67601	0	108.35997	0	254.01664	58.62696	73.11545	0	0	0	179.20076	62.57822
cg23638049	0	0	0	0	0	0	0	0	0	0	0	0	0	0	0	0	0	0	0	0	0
cg23692577	0	0	42.53147	55.95032	49.03884	0	0	0	0	48.67601	112.87319	162.53996	64.91820	0	0	0	135.04997	0	105.88734	0	0
cg23768127	0	0	0	0	0	0	0	0	0	0	0	0	0	0	0	0	0	0	0	0	0
cg23769140	55.67619	0	0	0	0	111.31519	0	0	0	0	0	0	0	0	0	0	0	0	0	0	62.57822
cg23789053	0	0	0	0	0	0	0	0	0	0	0	0	0	0	0	0	45.01666	0	0	0	0
cg23852248	0	0	0	0	0	0	57.57384	0	74.56010	48.67601	0	0	0	0	58.62696	0	0	0	0	0	0
cg23987137	2227.04749	68.64831	1105.81831	895.20506	1078.85445	1057.49430	863.60758	1289.84706	223.68029	778.81620	733.67572	1191.95969	1493.11867	1016.06655	1758.80870	0	1350.49968	950.40095	1058.87336	1194.67176	1001.25156
cg24053061	0	0	0	0	0	0	0	0	0	0	0	0	0	0	0	0	0	0	0	0	0
cg24085073	0	0	0	55.95032	0	0	0	61.42129	0	0	0	54.17999	0	0	0	0	0	0	0	0	0
cg24119812	0	0	0	0	49.03884	0	57.57384	0	0	0	0	0	0	0	0	0	0	0	0	0	0
cg24159247	0	0	0	0	0	0	0	0	0	0	0	0	0	0	0	0	0	0	0	0	0
cg24226687	0	0	0	0	0	0	0	0	0	0	0	0	0	0	0	0	0	0	0	0	0
cg24242856	0	0	0	0	49.03884	0	0	0	0	0	0	108.35997	0	63.50416	0	0	0	0	0	0	0
cg24401753	445.40950	68.64831	340.25179	391.65221	833.66026	166.97278	345.44303	368.52773	149.12019	535.43614	225.74637	270.89993	324.59102	444.52912	234.50783	0	225.08328	297.00030	688.26768	119.46718	250.31289
cg24465367	0	0	0	0	49.03884	0	57.57384	0	0	0	0	0	0	63.50416	0	73.11545	0	0	0	0	0
cg24557443	55.67619	137.29663	85.06295	0	98.07768	0	115.14768	0	74.56010	48.67601	112.87319	54.17999	129.83641	63.50416	0	0	135.04997	237.60024	105.88734	119.46718	0
cg24675730	0	0	0	0	49.03884	0	0	0	0	0	0	0	0	0	0	0	0	0	0	0	0
cg24688946	278.38094	0	127.59442	0	49.03884	55.65759	57.57384	184.26387	0	48.67601	56.43659	54.17999	259.67281	0	58.62696	0	45.01666	59.40006	105.88734	119.46718	0
cg24780796	0	0	85.06295	0	0	0	0	0	0	146.02804	0	0	0	0	58.62696	0	0	0	0	0	0
cg24810917	0	0	42.53147	0	0	0	0	0	0	0	0	0	0	0	0	0	0	0	0	0	0
cg24836130	55.67619	0	127.59442	0	49.03884	0	0	0	0	48.67601	0	108.35997	0	0	58.62696	0	90.03331	0	105.88734	0	0
cg24869651	0	0	0	0	0	0	0	0	0	0	0	0	0	0	0	0	0	0	0	0	0
cg24944075	2394.07605	137.29663	3445.04934	615.45348	1275.00981	1447.09746	863.60758	1351.26835	223.68029	4332.16511	451.49275	1462.85962	1558.03687	1079.57071	1700.18174	146.23090	4501.66562	1069.20107	1800.08471	1971.20841	688.36045
cg25145905	0	0	0	0	0	0	0	0	0	0	0	0	0	0	0	0	0	0	0	0	0
cg25216039	0	0	0	0	0	0	0	0	0	0	0	0	0	0	0	0	0	0	0	0	0
cg25254394	0	0	0	0	0	0	0	0	0	0	0	0	0	0	0	0	0	0	0	0	0
cg25255793	0	0	0	0	0	111.31519	0	122.84258	0	0	0	0	129.83641	0	0	0	45.01666	0	0	0	125.15645
cg25265969	1391.90468	1372.96629	808.09799	2014.21138	833.66026	1836.70062	1669.64131	1167.00448	820.16105	632.78816	1410.91484	1191.95969	2142.30070	1016.06655	1407.04696	1462.30899	630.23319	1128.60113	1270.64803	1493.33970	1188.98623
cg25407077	0	0	0	0	0	0	0	0	0	0	0	0	0	0	0	0	0	0	0	0	0
cg25422226	0	0	0	0	0	0	57.57384	0	0	0	0	0	0	0	0	0	0	59.40006	0	0	0
cg25422758	0	0	0	0	0	0	0	0	0	0	0	0	0	0	0	0	0	0	0	0	0
cg25448355	0	0	0	0	0	55.65759	0	0	74.56010	0	0	54.17999	0	0	0	0	0	0	0	0	0
cg25520710	55.67619	0	127.59442	0	98.07768	0	0	61.42129	74.56010	0	0	0	0	0	58.62696	0	0	59.40006	0	0	0
cg25723806	0	0	42.53147	0	0	55.65759	0	0	0	0	0	0	129.83641	0	0	0	0	0	0	59.73359	0
cg25766247	0	0	127.59442	55.95032	98.07768	0	0	0	0	0	0	54.17999	0	0	0	0	45.01666	0	0	0	0
cg25773695	0	0	0	0	0	0	0	0	0	0	0	0	0	0	0	0	0	0	0	0	0
cg25813965	55.67619	0	0	0	0	0	0	0	0	0	0	0	0	0	0	73.11545	0	0	0	0	0
cg25957804	389.73331	411.88989	340.25179	111.90063	245.19419	166.97278	57.57384	368.52773	372.80048	194.70405	0	162.53996	129.83641	190.51248	234.50783	658.03904	180.06662	59.40006	317.66201	179.20076	187.73467
cg26020069	0	0	0	0	0	0	115.14768	61.42129	0	97.35202	0	0	0	0	58.62696	0	90.03331	59.40006	0	0	0
cg26162564	0	0	0	0	0	0	0	0	0	0	0	0	0	0	58.62696	0	0	0	0	0	0
cg26164712	0	0	0	0	0	0	0	0	0	0	0	0	0	0	0	0	0	0	0	0	0
cg26195358	55.67619	0	0	0	0	0	0	0	0	0	0	0	0	0	0	0	0	0	0	0	0
cg26199493	0	0	0	0	0	0	0	0	0	0	0	0	0	0	0	0	0	0	0	0	0
cg26237810	55.67619	0	595.44063	0	0	111.31519	0	61.42129	0	340.73209	0	54.17999	0	63.50416	58.62696	0	405.14991	0	52.94367	59.73359	62.57822
cg26273742	55.67619	205.94494	0	0	0	0	0	0	0	97.35202	0	54.17999	0	0	0	0	0	0	105.88734	0	0
cg26314240	0	0	0	0	0	0	0	0	0	0	0	0	0	0	0	0	0	0	0	0	0
cg26377296	0	0	42.53147	0	0	0	0	0	0	48.67601	0	54.17999	64.91820	0	0	0	0	0	0	0	0
cg26391634	890.81900	411.88989	212.65737	2517.76423	1078.85445	1502.75505	1093.90293	982.74062	372.80048	340.73209	2652.51989	704.33982	1233.44586	1333.58735	1055.28522	146.23090	315.11659	1900.80190	741.21135	1672.54047	938.67334
cg26541587	0	0	42.53147	0	0	0	0	0	0	0	0	0	0	0	0	0	0	0	52.94367	0	62.57822
cg26567163	0	0	0	0	0	0	0	122.84258	0	0	56.43659	0	0	0	0	0	0	0	0	0	0
cg26603980	0	0	0	0	0	0	0	0	0	0	0	0	0	0	0	0	0	59.40006	52.94367	0	0
cg26625211	0	0	42.53147	111.90063	0	0	0	61.42129	74.56010	97.35202	0	0	64.91820	0	0	0	45.01666	59.40006	158.83100	0	0
cg26770202	0	0	0	0	0	0	57.57384	0	0	0	0	0	0	0	0	0	0	0	0	59.73359	0
cg26804299	0	0	0	0	0	0	0	0	0	0	0	54.17999	0	0	0	0	0	0	52.94367	0	0
cg26856631	0	0	0	0	0	0	0	0	0	0	0	0	0	0	0	0	0	0	0	0	0
cg26963795	5678.97110	2471.33933	2849.60871	4587.92592	4413.49549	4452.60756	4778.62859	4053.80505	2535.04324	2579.82866	5756.53254	4822.01875	4479.35601	4318.28285	3869.37914	2120.34803	2250.83281	5702.40570	4394.32444	5077.35500	4005.00626
cg26978368	0	0	0	0	0	0	0	0	0	0	0	0	0	0	0	0	0	59.40006	52.94367	0	0
cg27032787	2004.34274	137.29663	7825.79109	55.95032	2059.63123	1335.78227	575.73838	1842.63866	0	7496.10592	0	3304.97914	973.77305	317.52080	1582.92783	0	7472.76492	118.80012	2488.35239	1493.33970	563.20401
cg27047353	0	0	42.53147	0	0	0	0	0	0	0	0	54.17999	0	0	0	0	0	0	0	0	0
cg27123273	0	0	0	0	0	0	0	0	0	0	0	0	0	0	0	0	0	0	0	0	0
cg27138673	0	0	42.53147	0	0	0	115.14768	0	0	0	0	54.17999	0	0	0	0	0	0	0	59.73359	0
cg27162464	779.46662	686.48315	808.09799	727.35411	1814.43703	834.86392	978.75525	1351.26835	820.16105	1216.90031	564.36593	1462.85962	714.10023	444.52912	644.89652	511.80815	1575.58297	534.60053	1217.70436	776.53665	375.46934
cg27209741	55.67619	0	0	0	49.03884	55.65759	0	0	0	48.67601	0	0	0	0	0	0	45.01666	0	0	0	0
cg27245185	0	0	0	0	0	0	0	0	0	0	0	0	0	0	0	0	0	0	0	0	0
cg27289137	0	0	0	0	0	0	0	0	0	0	0	0	0	0	0	0	0	0	0	0	0
cg27326481	167.02856	68.64831	297.72031	279.75158	196.15536	0	115.14768	61.42129	0	243.38006	0	108.35997	64.91820	63.50416	58.62696	73.11545	45.01666	0	105.88734	59.73359	125.15645
cg27342910	0	0	0	0	0	0	0	0	0	0	0	0	0	0	0	0	0	0	0	0	62.57822
cg27474733	55.67619	0	212.65737	0	147.11652	0	0	61.42129	0	340.73209	0	54.17999	0	0	58.62696	0	225.08328	59.40006	105.88734	0	0
cg27505743	0	0	0	0	0	55.65759	0	0	0	0	56.43659	0	0	0	0	0	0	0	0	0	0
cg27546017	0	0	0	0	0	0	0	0	0	0	0	0	0	63.50416	0	0	0	0	0	0	0
cg27580252	0	205.94494	0	0	98.07768	0	0	61.42129	0	0	112.87319	0	194.75461	63.50416	0	292.46180	0	0	0	59.73359	125.15645
cg27590090	0	0	42.53147	0	49.03884	0	0	0	0	0	0	0	0	0	0	0	0	0	0	0	0
cg27635976	0	0	0	0	49.03884	0	0	0	0	0	0	0	0	0	0	0	0	0	0	0	0
cg27650500	0	0	0	0	0	0	0	0	0	0	0	0	0	0	0	0	0	0	0	0	0
ch.1.101940785F	0	0	0	0	0	0	0	0	0	48.67601	0	0	0	0	0	0	0	0	0	0	0
ch.1.1079286F	55.67619	0	0	0	0	0	0	0	0	0	0	0	0	0	0	0	0	0	0	0	0
ch.1.173201084F	0	0	0	0	0	0	0	0	0	0	0	0	0	0	0	0	0	0	0	0	0
ch.1.230734885R	0	68.64831	0	55.95032	0	55.65759	115.14768	0	0	48.67601	0	54.17999	0	0	117.25391	0	0	0	0	0	62.57822
ch.1.2344685R	0	0	0	0	0	0	0	0	0	0	0	0	0	0	0	0	0	0	0	0	0
ch.1.28801127F	0	0	0	0	0	0	0	0	0	0	0	0	0	0	0	0	0	0	0	0	0
ch.1.2975077F	0	0	0	0	0	0	0	0	0	0	0	0	0	0	0	0	0	0	0	0	0
ch.1.3897073R	167.02856	0	42.53147	0	196.15536	55.65759	172.72152	61.42129	0	0	0	108.35997	129.83641	63.50416	0	0	180.06662	59.40006	52.94367	179.20076	62.57822
ch.1.4359995F	0	0	42.53147	0	0	0	0	0	0	0	0	54.17999	0	63.50416	0	0	0	0	0	0	0
ch.1.48110560R	0	343.24157	42.53147	55.95032	0	55.65759	57.57384	122.84258	447.36057	194.70405	0	162.53996	0	0	0	292.46180	45.01666	0	105.88734	59.73359	0
ch.1.59074111F	0	0	0	0	0	0	0	0	0	0	0	0	0	0	0	0	0	0	0	0	0
ch.1.944912R	0	0	0	0	0	0	0	0	0	0	0	0	0	0	0	0	0	0	0	0	0
ch.10.1361226R	0	0	0	0	0	0	0	0	0	0	0	0	0	0	0	0	0	0	0	0	62.57822
ch.10.1700276F	0	0	0	0	49.03884	55.65759	57.57384	0	74.56010	0	0	108.35997	0	0	175.88087	0	0	0	52.94367	179.20076	62.57822
ch.10.1947223F	0	0	0	0	0	0	0	0	0	0	0	0	0	0	0	73.11545	0	0	0	0	0
ch.10.220353F	0	0	0	0	49.03884	55.65759	0	0	0	0	0	0	0	0	0	0	0	0	0	0	0
ch.10.2610459F	0	0	0	0	0	0	0	0	0	0	0	0	0	0	0	0	0	0	0	0	0
ch.11.109687686R	3730.30455	7963.20450	6464.78394	5650.98193	4462.53433	3729.05883	3512.00415	3255.32830	8425.29078	5257.00935	4966.42023	4117.67893	3245.91015	3238.71214	4162.51392	9139.43116	4906.81552	5524.20552	4182.54977	3464.54812	4005.00626
ch.11.1222938R	0	0	42.53147	0	0	0	0	61.42129	0	48.67601	0	0	0	0	0	0	0	0	0	0	0
ch.11.167001F	0	0	0	0	0	0	0	0	0	0	0	0	0	0	0	0	0	0	0	0	0
ch.11.2339138R	0	0	0	0	0	0	0	61.42129	0	0	0	0	0	0	0	0	0	0	0	0	0
ch.11.2619180F	167.02856	0	0	55.95032	0	111.31519	57.57384	0	0	0	0	54.17999	324.59102	63.50416	58.62696	73.11545	0	0	158.83100	0	62.57822
ch.11.80815632F	0	0	0	0	0	0	0	0	0	48.67601	56.43659	0	0	0	0	0	0	0	0	0	0
ch.11.967412F	0	0	0	0	0	0	0	0	0	0	0	0	0	0	0	0	0	0	0	0	0
ch.12.1034102F	278.38094	0	0	0	0	166.97278	0	122.84258	0	48.67601	0	54.17999	129.83641	127.00832	117.25391	0	0	59.40006	52.94367	59.73359	187.73467
ch.12.313305F	167.02856	0	42.53147	0	196.15536	55.65759	172.72152	61.42129	0	0	0	108.35997	129.83641	63.50416	0	0	180.06662	59.40006	52.94367	179.20076	62.57822
ch.12.921239R	0	0	0	0	0	0	0	0	0	0	0	0	0	0	0	0	0	0	0	0	0
ch.13.1810252F	111.35237	68.64831	425.31473	279.75158	98.07768	389.60316	172.72152	184.26387	0	292.05607	395.05615	379.25990	324.59102	63.50416	234.50783	0	360.13325	118.80012	317.66201	418.13512	250.31289
ch.13.53330881F	0	0	0	0	0	55.65759	0	0	0	0	0	0	0	0	0	0	0	0	0	0	0
ch.13.654879R	0	0	0	0	0	0	0	0	0	0	0	0	0	0	0	0	0	0	0	0	0
ch.13.80601193R	0	0	0	0	0	0	0	0	0	0	0	0	0	0	0	0	0	0	0	0	0
ch.14.1124768F	0	0	0	0	0	0	0	0	0	0	0	0	0	0	0	0	0	118.80012	0	0	62.57822
ch.14.1421228R	55.67619	0	42.53147	0	0	55.65759	0	0	0	0	0	108.35997	0	0	58.62696	73.11545	0	0	0	0	0
ch.14.39207337F	167.02856	0	85.06295	0	0	55.65759	0	0	0	146.02804	0	54.17999	0	0	58.62696	0	0	0	0	59.73359	0
ch.14.556710R	0	0	0	0	0	55.65759	0	0	0	0	0	0	0	0	0	0	0	0	0	0	0
ch.14.560311R	3173.54268	0	2594.41987	1398.75790	3923.10710	2281.96137	1093.90293	2272.58768	298.24038	3942.75701	733.67572	3846.77900	3375.74656	1397.09151	3458.99044	73.11545	3331.23256	950.40095	4500.21177	2688.01147	1877.34668
ch.15.1525362R	111.35237	0	0	0	196.15536	55.65759	345.44303	61.42129	0	48.67601	56.43659	54.17999	324.59102	127.00832	58.62696	0	135.04997	59.40006	211.77467	238.93435	0
ch.15.79573225R	0	0	0	0	49.03884	0	0	0	0	0	56.43659	54.17999	0	0	0	0	0	0	0	0	0
ch.15.865366R	0	0	85.06295	0	0	0	0	0	0	97.35202	56.43659	54.17999	0	0	0	73.11545	135.04997	0	0	0	0
ch.16.1602018R	0	0	0	0	0	0	0	0	0	0	0	0	0	0	0	0	0	0	0	0	0
ch.16.1667936F	0	0	0	0	0	0	0	0	0	0	0	0	0	0	0	0	0	0	0	0	0
ch.16.1711323F	334.05712	205.94494	595.44063	671.40379	735.58258	278.28797	403.01687	429.94902	0	778.81620	338.61956	433.43989	779.01844	317.52080	527.64261	219.34635	630.23319	534.60053	688.26768	418.13512	250.31289
ch.16.74794652R	55.67619	0	0	0	49.03884	55.65759	0	0	0	0	0	0	0	63.50416	0	0	45.01666	0	0	0	62.57822
ch.17.1184801R	0	0	0	0	0	0	0	0	0	0	0	0	0	0	0	0	0	0	0	0	0
ch.17.1746650F	111.35237	0	85.06295	0	49.03884	55.65759	230.29535	61.42129	74.56010	48.67601	56.43659	108.35997	129.83641	190.51248	117.25391	0	90.03331	59.40006	52.94367	179.20076	125.15645
ch.17.49517645R	0	0	0	0	0	0	0	0	0	0	0	0	0	0	0	0	0	0	0	0	0
ch.17.5755931R	0	0	0	0	0	0	0	0	0	0	0	0	0	0	0	0	45.01666	0	0	0	0
ch.2.116320463R	0	0	0	0	0	0	0	0	0	0	0	0	0	0	0	0	0	0	0	0	0
ch.2.12307237R	0	0	0	0	49.03884	0	0	0	0	48.67601	0	0	0	0	0	0	0	59.40006	105.88734	59.73359	0
ch.2.1365132F	0	0	0	0	0	0	0	0	0	0	0	0	0	0	0	0	45.01666	0	0	0	0
ch.2.161489025R	55.67619	68.64831	1190.88125	55.95032	441.34955	445.26076	57.57384	675.63417	0	1606.30841	0	379.25990	194.75461	63.50416	0	73.11545	1935.71621	118.80012	158.83100	477.86871	62.57822
ch.2.1636738F	55.67619	0	85.06295	55.95032	147.11652	0	0	122.84258	0	146.02804	112.87319	0	0	127.00832	0	0	0	0	52.94367	0	0
ch.2.189776559R	111.35237	0	85.06295	55.95032	49.03884	55.65759	0	122.84258	0	243.38006	0	108.35997	64.91820	0	0	0	225.08328	59.40006	0	59.73359	0
ch.2.199792288R	0	0	0	0	0	0	0	61.42129	0	0	56.43659	0	0	0	0	0	0	0	0	0	0
ch.2.21123043R	0	0	0	0	0	0	0	0	0	0	0	54.17999	0	0	0	0	0	0	52.94367	59.73359	0
ch.2.2134493R	0	0	0	0	0	0	0	0	0	0	0	0	0	0	0	0	0	0	0	0	0
ch.2.225756826F	111.35237	0	340.25179	0	147.11652	166.97278	115.14768	61.42129	0	97.35202	0	433.43989	129.83641	0	58.62696	0	225.08328	0	264.71834	59.73359	62.57822
ch.2.3132178R	0	0	0	0	0	0	0	0	0	0	0	0	0	0	0	73.11545	0	0	0	0	0
ch.2.42579310F	55.67619	0	595.44063	55.95032	490.38839	111.31519	172.72152	61.42129	0	584.11215	0	433.43989	64.91820	63.50416	117.25391	0	270.09994	0	582.38035	59.73359	62.57822
ch.2.4671106R	167.02856	0	255.18884	0	490.38839	222.63038	172.72152	184.26387	0	243.38006	56.43659	216.71994	129.83641	254.01664	175.88087	0	135.04997	118.80012	264.71834	59.73359	125.15645
ch.2.4756204R	0	0	0	0	0	0	0	0	0	0	0	0	0	0	0	0	0	0	0	0	0
ch.2.729349R	0	0	0	0	0	0	0	0	0	0	0	0	0	0	0	0	0	0	0	0	0
ch.2.884792F	0	0	0	0	0	0	0	0	74.56010	48.67601	56.43659	0	0	0	58.62696	0	0	0	0	0	62.57822
ch.20.10785098F	0	0	0	55.95032	0	0	0	0	0	0	0	0	0	0	0	0	0	0	0	0	0
ch.20.23942639F	0	0	0	0	0	0	0	0	0	0	0	0	0	0	0	0	0	0	0	0	0
ch.20.46106799F	111.35237	0	85.06295	0	0	0	0	0	0	97.35202	0	0	0	0	58.62696	0	0	0	0	0	62.57822
ch.21.228978R	501.08569	0	255.18884	223.80126	196.15536	389.60316	172.72152	184.26387	74.56010	340.73209	451.49275	270.89993	259.67281	317.52080	0	0	360.13325	237.60024	423.54934	358.40153	500.62578
ch.21.40139802R	0	0	0	0	49.03884	55.65759	57.57384	61.42129	0	0	0	0	0	63.50416	0	0	0	0	105.88734	0	0
ch.21.43554353R	0	0	0	0	0	0	0	0	0	0	0	0	0	0	0	0	0	0	0	0	0
ch.22.78028F	0	0	0	0	0	0	0	0	0	0	0	0	0	0	0	0	0	0	0	0	0
ch.3.1455028R	15255.27532	3432.41573	7740.72814	21317.07044	11720.28246	19758.44604	16811.56083	13512.68350	2535.04324	9394.47040	22969.69355	10077.47738	18177.09686	16765.09811	12077.15307	3290.19522	8958.31458	24354.02435	11700.55061	17800.60928	17897.37171
ch.3.15909166F	167.02856	68.64831	170.12589	0	294.23303	55.65759	0	245.68515	0	146.02804	0	379.25990	64.91820	0	58.62696	0	180.06662	178.20018	211.77467	59.73359	0
ch.3.22680409R	0	0	0	0	98.07768	0	0	0	0	194.70405	0	0	0	63.50416	0	0	45.01666	0	0	59.73359	0
ch.3.2293220R	0	0	0	0	49.03884	0	0	0	0	0	56.43659	54.17999	0	0	58.62696	73.11545	0	0	0	0	0
ch.3.24643237R	55.67619	0	0	0	49.03884	0	0	0	74.56010	0	0	0	0	0	0	0	0	59.40006	52.94367	0	0
ch.3.2741911R	55.67619	0	42.53147	0	0	55.65759	230.29535	0	0	48.67601	0	108.35997	129.83641	0	0	0	225.08328	59.40006	52.94367	59.73359	62.57822
ch.3.948191R	55.67619	0	0	0	0	0	0	61.42129	0	0	0	0	0	0	58.62696	0	0	0	0	0	0
ch.4.10698657R	334.05712	0	127.59442	0	147.11652	111.31519	57.57384	61.42129	0	97.35202	0	216.71994	194.75461	127.00832	293.13478	73.11545	135.04997	0	158.83100	298.66794	62.57822
ch.4.128214674R	0	0	0	0	0	55.65759	57.57384	61.42129	0	48.67601	0	0	0	63.50416	0	0	90.03331	0	0	0	0
ch.4.134822993R	445.40950	137.29663	42.53147	0	588.46607	445.26076	115.14768	307.10644	223.68029	48.67601	282.18297	379.25990	259.67281	190.51248	351.76174	146.23090	180.06662	178.20018	211.77467	537.60229	312.89111
ch.4.3045996R	0	0	42.53147	0	0	0	0	0	0	0	0	0	0	0	0	0	0	0	0	0	0
ch.4.3207570F	55.67619	68.64831	127.59442	0	49.03884	222.63038	0	61.42129	74.56010	146.02804	112.87319	54.17999	324.59102	63.50416	0	292.46180	45.01666	59.40006	105.88734	59.73359	62.57822
ch.4.3383604F	0	0	0	0	0	0	0	0	0	0	0	0	0	0	0	0	0	0	0	0	0
ch.4.594573R	0	0	0	0	0	0	0	0	0	0	0	0	0	0	0	0	0	0	0	0	0
ch.5.1325793F	0	0	0	0	0	0	0	0	0	0	0	0	0	0	0	0	0	0	0	0	0
ch.5.2119577R	167.02856	68.64831	0	0	147.11652	55.65759	57.57384	61.42129	74.56010	0	0	54.17999	0	0	0	0	0	0	0	59.73359	0
ch.5.2522686R	0	0	0	0	0	0	0	0	0	0	0	0	0	0	0	0	0	0	0	0	0
ch.5.68016428F	501.08569	0	978.22389	279.75158	1176.93213	890.52151	115.14768	921.31933	74.56010	438.08411	169.30978	704.33982	389.50922	190.51248	996.65826	292.46180	855.31647	118.80012	582.38035	716.80306	125.15645
ch.6.106373286R	0	0	0	0	0	0	0	0	0	0	0	0	0	0	0	0	0	0	0	0	0
ch.6.215100R	0	0	0	0	0	0	0	0	0	0	0	0	0	0	0	0	0	0	0	0	0
ch.6.2322015F	0	0	0	0	0	0	0	0	0	0	0	0	0	0	0	0	0	0	0	0	0
ch.6.2574971F	0	0	0	0	49.03884	55.65759	115.14768	0	0	48.67601	56.43659	54.17999	194.75461	63.50416	0	0	0	59.40006	105.88734	298.66794	125.15645
ch.6.3276431R	0	0	0	0	0	0	0	0	0	0	0	0	0	0	0	0	0	0	0	0	0
ch.6.36202665R	0	0	0	0	0	0	0	0	0	0	0	0	0	0	0	0	0	0	0	0	0
ch.6.83110103R	0	0	0	0	0	0	0	0	0	0	0	0	0	0	0	0	0	0	0	0	0
ch.6.98859407F	0	0	0	0	0	0	0	0	0	0	0	0	0	0	0	0	0	0	0	0	0
ch.7.1264585R	55.67619	0	0	0	49.03884	111.31519	57.57384	0	0	0	0	0	0	0	0	0	0	0	52.94367	0	62.57822
ch.7.1427355R	0	137.29663	0	0	49.03884	0	0	0	223.68029	48.67601	0	0	0	0	0	219.34635	0	0	0	0	0
ch.7.1651382F	0	0	0	0	0	0	0	0	0	0	0	0	0	0	0	0	0	59.40006	0	0	0
ch.7.2011899F	55.67619	0	85.06295	0	0	0	0	0	0	97.35202	0	54.17999	0	0	58.62696	0	135.04997	0	52.94367	0	0
ch.7.2226368R	112632.92690	10297.24720	58523.30725	30436.97197	107100.82385	82651.52780	62697.91007	108838.52343	11034.89412	63668.22430	31152.99960	107059.65216	83160.21813	61154.50562	114850.20813	9431.89296	59692.08607	31779.03178	108163.91360	86733.17006	60200.25031
ch.7.398127F	0	0	0	55.95032	0	0	0	0	0	0	0	0	0	0	0	0	0	0	0	0	0
ch.7.45985950F	0	0	0	0	49.03884	0	0	0	0	0	0	0	0	0	0	0	0	0	0	0	0
ch.7.990472R	0	0	0	55.95032	0	55.65759	57.57384	0	0	0	0	0	64.91820	0	0	0	0	0	52.94367	59.73359	62.57822
ch.8.1782311R	0	0	0	0	0	0	0	0	0	0	0	0	0	0	0	0	0	0	0	0	0
ch.8.1820050F	278.38094	137.29663	425.31473	55.95032	196.15536	166.97278	115.14768	184.26387	74.56010	243.38006	112.87319	270.89993	129.83641	127.00832	234.50783	146.23090	315.11659	0	211.77467	0	62.57822
ch.8.2087691R	0	0	0	0	0	0	0	0	0	0	0	54.17999	0	0	0	0	0	0	52.94367	0	0
ch.8.54126760R	0	0	0	0	0	0	0	0	0	0	0	0	0	0	0	0	0	0	0	0	0
ch.8.61455948R	0	0	0	0	0	0	0	0	0	0	0	0	0	0	0	0	0	0	0	0	0
ch.8.841871F	111.35237	0	212.65737	55.95032	98.07768	55.65759	230.29535	0	74.56010	340.73209	112.87319	108.35997	0	0	117.25391	0	135.04997	118.80012	264.71834	179.20076	125.15645
ch.8.870369R	0	0	0	0	0	0	0	0	0	0	0	0	0	0	0	0	0	0	0	0	0
ch.9.1117114R	334.05712	0	340.25179	111.90063	343.27187	111.31519	403.01687	307.10644	74.56010	340.73209	169.30978	216.71994	454.42742	381.02496	469.01565	73.11545	225.08328	356.40036	317.66201	298.66794	438.04756
ch.9.2793549R	111.35237	0	85.06295	0	49.03884	55.65759	115.14768	61.42129	0	194.70405	112.87319	216.71994	64.91820	0	234.50783	146.23090	45.01666	59.40006	158.83100	119.46718	62.57822
ch.9.83519450F	0	0	0	0	0	0	0	0	0	0	0	0	0	0	0	0	0	0	0	0	0
ch.X.112138872R	55.67619	0	212.65737	55.95032	441.34955	111.31519	57.57384	0	0	243.38006	0	595.97985	129.83641	190.51248	351.76174	0	225.08328	0	370.60568	59.73359	125.15645
ch.X.223217F	0	0	42.53147	55.95032	0	0	0	0	0	0	0	0	0	0	0	0	0	59.40006	0	0	0
