prmtrID	iPS_DE_66h_rep1	iPS_DE_00h_rep1	iPS_DE_96h_rep1	iPS_DE_48h_rep1	iPS_DE_72h_rep1	iPS_DE_60h_rep1	iPS_DE_54h_rep1	iPS_DE_66h_rep2	iPS_DE_00h_rep2	iPS_DE_96h_rep2	iPS_DE_48h_rep2	iPS_DE_72h_rep2	iPS_DE_60h_rep2	iPS_DE_54h_rep2	iPS_DE_66h_rep3	iPS_DE_00h_rep3	iPS_DE_96h_rep3	iPS_DE_48h_rep3	iPS_DE_72h_rep3	iPS_DE_60h_rep3	iPS_DE_54h_rep3
cg00025439	104.25354	55.38632	244.81003	45.35765	43.80585	124.52266	0	0	127.26694	279.59515	0	47.42708	0	0	53.10674	0	52.73705	105.29087	100.58338	0	0
cg00075488	0	0	0	0	87.61170	0	0	0	0	0	51.99397	0	51.13782	0	0	0	0	0	0	0	0
cg00253379	0	0	0	0	0	0	0	0	0	0	0	0	0	0	0	0	0	0	0	0	0
cg00276145	0	0	0	0	0	0	0	0	0	0	0	0	0	0	0	0	0	0	0	0	0
cg00442066	0	0	0	0	43.80585	0	0	0	0	0	0	0	0	0	0	0	0	0	0	0	0
cg00522288	1407.42285	941.56743	3476.30239	6939.71969	1489.39898	2448.94571	4093.86343	1291.61040	636.33471	5368.22681	10762.75152	1138.24994	2761.44209	4210.01694	1911.84280	527.39525	4693.59772	8423.26928	1156.70891	2573.24726	4095.73156
cg00578334	0	0	48.96201	45.35765	0	0	0	0	0	0	0	94.85416	0	0	0	58.59947	52.73705	0	150.87508	0	0
cg00646731	0	0	0	0	43.80585	0	0	0	0	0	0	0	0	0	0	0	0	0	0	0	49.34616
cg00807990	52.12677	0	97.92401	0	43.80585	0	0	58.70956	0	0	51.99397	47.42708	51.13782	0	0	58.59947	105.47411	0	100.58338	45.14469	49.34616
cg00867540	156.38032	0	195.84802	0	87.61170	124.52266	84.40956	117.41913	0	111.83806	51.99397	237.13540	0	96.78200	106.21349	0	263.68527	52.64543	201.16677	90.28938	0
cg00982487	45089.65805	55607.86486	44849.19702	39778.65469	40914.66620	36485.14030	32793.11218	51194.73962	57270.12409	48761.39350	43882.90958	41261.56035	35796.47149	34357.60948	46627.72172	53325.52007	46566.81785	46170.04475	45564.27278	35844.88285	34344.92968
cg01018110	208.50709	221.54528	97.92401	362.86116	131.41756	41.50755	42.20478	0	318.16736	223.67612	259.96984	94.85416	0	435.51899	212.42698	292.99736	105.47411	157.93630	150.87508	135.43407	98.69233
cg01169085	0	0	48.96201	136.07294	0	41.50755	0	0	0	0	0	0	51.13782	0	0	0	158.21116	0	100.58338	0	49.34616
cg01246435	0	0	0	0	0	0	0	0	0	0	0	0	0	0	0	0	0	0	0	0	0
cg01258042	0	0	0	0	0	0	0	0	0	55.91903	0	47.42708	51.13782	0	53.10674	0	0	0	50.29169	0	0
cg01338955	0	0	0	0	0	41.50755	0	0	0	55.91903	0	0	0	0	53.10674	58.59947	0	0	0	0	0
cg01475742	208.50709	166.15896	146.88602	90.71529	306.64097	124.52266	42.20478	410.96695	63.63347	335.51418	207.97587	331.98957	102.27563	48.39100	212.42698	0	158.21116	210.58173	301.75015	90.28938	246.73082
cg01565291	0	0	0	0	0	41.50755	0	0	0	0	0	0	51.13782	0	0	0	0	0	0	0	0
cg01588464	0	0	0	0	0	0	0	0	0	0	0	0	0	0	0	0	0	0	0	0	0
cg01637090	0	0	0	0	0	0	0	0	0	0	0	0	0	0	0	0	0	0	0	0	0
cg01656087	0	0	0	0	0	0	0	0	0	0	0	0	0	0	0	0	0	0	0	0	0
cg01722003	0	0	48.96201	90.71529	0	41.50755	42.20478	58.70956	0	0	0	0	51.13782	0	0	0	0	0	50.29169	90.28938	0
cg01862457	34299.41618	16338.96428	31286.72150	18551.27682	28868.05677	26066.74415	28277.20098	34873.48089	16799.23640	36011.85483	23605.26179	30353.33175	30427.00077	27969.99758	34519.38396	15470.26077	35492.03670	22163.72730	30426.47355	31556.13742	27337.77449
cg01952185	0	0	0	0	43.80585	0	0	0	0	0	0	0	0	0	53.10674	0	0	52.64543	0	0	0
cg02155957	10008.34028	3932.42869	9596.55307	5261.48682	6921.32469	6848.74647	5613.23542	7925.79111	3436.20745	5424.14584	4367.49337	7398.62461	7363.84556	5564.96492	7116.30377	3047.17258	6961.29100	5211.89787	7493.46208	6861.99269	7155.19368
cg02177811	0	0	0	0	0	0	0	0	0	0	0	0	0	0	0	0	0	0	0	0	0
cg02217731	0	0	0	0	0	0	0	0	0	0	0	0	0	0	0	0	0	0	0	0	0
cg02239163	0	0	0	0	43.80585	0	0	0	0	0	0	0	0	0	0	0	0	0	0	0	0
cg02297831	0	0	0	0	0	0	0	0	0	0	0	0	0	0	0	0	0	0	0	0	0
cg02317251	312.76063	0	1860.55621	45.35765	525.67023	166.03022	84.40956	469.67651	0	1118.38058	0	806.26037	153.41345	96.78200	477.96070	117.19895	1793.05980	52.64543	804.66707	45.14469	148.03849
cg02473103	0	0	0	0	0	0	0	0	0	0	0	0	0	0	0	58.59947	0	0	0	0	0
cg02531059	573.39450	110.77264	293.77203	544.29174	569.47608	498.09065	675.27644	763.22433	381.80083	447.35223	415.95175	237.13540	306.82690	532.30099	637.28093	468.79578	369.15937	789.68150	452.62523	406.30220	789.53861
cg02534167	208.50709	0	0	680.36468	43.80585	124.52266	379.84300	176.12869	0	111.83806	571.93366	94.85416	153.41345	774.25599	159.32023	0	52.73705	1210.84496	201.16677	135.43407	838.88478
cg02550627	0	0	0	136.07294	131.41756	0	0	58.70956	0	0	0	0	0	48.39100	0	0	0	0	0	45.14469	0
cg02650754	0	0	0	0	0	0	0	0	0	0	0	0	0	0	0	0	0	0	50.29169	0	0
cg02888745	0	0	0	0	0	0	0	0	0	0	0	0	0	48.39100	53.10674	0	52.73705	0	0	0	0
cg03005087	0	0	0	0	0	0	0	0	0	0	0	0	0	0	0	0	0	0	0	0	0
cg03222971	52.12677	0	0	0	43.80585	0	42.20478	0	0	0	0	0	0	0	0	0	0	0	0	0	0
cg03497845	1459.54962	55.38632	1370.93615	136.07294	832.31120	954.67375	464.25255	763.22433	0	1062.46156	259.96984	995.96870	664.79161	145.17300	796.60117	0	1318.42633	210.58173	1106.41722	496.59158	246.73082
cg03550352	0	0	0	0	0	0	42.20478	0	0	0	51.99397	0	0	0	0	0	52.73705	0	50.29169	0	0
cg03581822	0	0	0	0	0	0	0	0	0	0	0	0	0	0	0	0	0	0	0	0	0
cg03588583	15377.39783	15065.07893	20172.34626	15285.52638	16909.05905	12120.20588	12872.45716	18669.64128	15717.46739	18565.11771	14142.35949	14892.10339	13040.14319	12533.26881	18534.25385	13829.47553	21147.55827	16688.60226	18004.42567	10834.72529	14261.04120
cg03624321	0	0	0	0	0	0	0	0	0	0	0	0	0	0	0	0	0	0	0	0	0
cg03637670	156.38032	0	244.81003	45.35765	131.41756	41.50755	84.40956	293.54782	63.63347	111.83806	51.99397	284.56249	255.68908	193.56400	159.32023	0	632.84464	52.64543	100.58338	135.43407	0
cg03653158	0	0	0	0	0	0	0	0	0	55.91903	0	0	0	0	0	0	52.73705	0	0	0	0
cg03745372	52.12677	0	0	0	0	41.50755	0	58.70956	0	0	0	47.42708	0	0	0	0	0	0	0	0	49.34616
cg03762864	521.26772	553.86320	440.65805	453.57645	744.69949	664.12087	506.45733	528.38607	381.80083	671.02835	571.93366	189.70832	818.20506	241.95500	265.53372	468.79578	369.15937	368.51803	653.79199	361.15751	345.42314
cg03781098	32839.86656	22763.77735	43331.37485	28847.46224	31189.76695	26606.34235	25196.25222	29824.45840	24371.61947	35117.15037	30728.43550	29452.21722	25620.04602	24921.36463	31757.83324	21506.00645	38392.57462	27638.85233	30627.64031	27131.95793	29163.58253
cg03824268	886.15513	498.47688	97.92401	90.71529	700.89364	1120.70397	548.66211	880.64346	127.26694	726.94738	155.98191	1043.39578	971.61851	725.86499	1380.77536	410.19631	527.37053	368.51803	502.91692	586.88095	246.73082
cg03904368	0	0	0	0	0	41.50755	0	0	0	0	0	0	0	0	0	0	0	52.64543	0	0	0
cg04058149	52.12677	0	97.92401	0	0	0	0	0	0	111.83806	0	94.85416	0	0	53.10674	0	158.21116	0	50.29169	0	0
cg04065352	0	0	0	0	0	0	0	0	0	0	0	47.42708	0	0	0	0	0	0	0	45.14469	0
cg04086018	990.40867	609.24952	1028.20212	816.43761	657.08779	290.55288	548.66211	352.25738	572.70124	1118.38058	415.95175	237.13540	562.51598	677.47399	265.53372	468.79578	791.05580	315.87260	704.08369	541.73626	493.46163
cg04163916	312.76063	55.38632	1175.08813	498.93410	219.02926	124.52266	42.20478	176.12869	63.63347	1286.13767	259.96984	284.56249	204.55127	193.56400	265.53372	117.19895	1107.47811	473.80890	201.16677	135.43407	49.34616
cg04218566	0	0	0	0	0	0	0	58.70956	0	0	0	0	0	0	0	0	0	0	0	0	0
cg04249873	0	0	0	0	0	0	0	0	0	0	0	0	0	0	0	0	0	0	0	0	0
cg04252942	0	110.77264	48.96201	0	0	83.01511	0	0	63.63347	0	51.99397	142.28124	0	48.39100	53.10674	58.59947	0	105.29087	0	45.14469	49.34616
cg04424885	0	0	0	0	0	83.01511	42.20478	58.70956	63.63347	0	51.99397	47.42708	51.13782	48.39100	53.10674	0	52.73705	52.64543	50.29169	0	49.34616
cg04497520	0	0	0	0	0	0	0	0	0	0	0	0	0	0	0	0	0	0	0	0	0
cg04562404	0	0	0	0	0	0	0	0	0	0	0	0	0	0	0	0	0	0	0	0	0
cg04588745	0	0	0	0	0	0	0	0	0	0	0	0	0	0	0	0	0	0	0	0	0
cg04625873	0	0	0	0	0	0	0	0	0	0	0	0	0	0	0	0	0	0	0	0	0
cg04651370	0	0	0	0	0	0	0	0	0	0	0	0	0	0	0	0	0	0	0	0	0
cg04751292	0	0	48.96201	0	0	0	0	0	0	55.91903	0	0	0	0	0	0	52.73705	0	100.58338	0	0
cg04845520	0	0	0	0	0	166.03022	0	0	0	0	51.99397	0	0	48.39100	0	0	0	0	0	0	98.69233
cg04904323	0	0	0	0	0	0	0	0	0	0	0	0	0	0	0	0	0	0	0	0	0
cg04944545	0	0	0	0	0	0	0	0	0	0	0	0	0	0	0	0	0	0	0	0	0
cg05037877	0	0	48.96201	0	87.61170	0	0	0	0	55.91903	51.99397	0	0	0	0	0	52.73705	0	50.29169	0	0
cg05116938	1042.53545	3267.79286	1615.74618	2313.23990	1182.75802	1535.77951	1772.60066	1291.61040	3181.67356	950.62350	2391.72256	1754.80199	1636.41013	1838.85797	1221.45512	2695.57574	1529.37454	2053.17189	1307.58399	1534.91942	1677.76955
cg05126055	10060.46706	12960.39878	6511.94673	8935.45607	9724.89925	7429.85223	7554.65519	9863.20672	14253.89755	6654.36448	10606.76961	10908.22860	8591.15316	8178.07888	9930.96123	12364.48872	6486.65753	9370.88708	8549.58761	10112.41027	7500.61683
cg05145731	0	0	0	0	0	0	0	0	0	0	0	0	0	0	0	0	0	0	0	0	0
cg05293319	834.02836	0	146.88602	317.50352	438.05852	830.15109	548.66211	1174.19128	63.63347	111.83806	571.93366	616.55205	767.06725	677.47399	743.49442	0	421.89642	210.58173	301.75015	541.73626	986.92327
cg05392244	0	55.38632	48.96201	181.43058	43.80585	124.52266	126.61433	117.41913	127.26694	0	207.97587	0	102.27563	0	53.10674	58.59947	52.73705	473.80890	50.29169	0	49.34616
cg05495011	0	0	0	0	0	0	0	0	0	0	51.99397	0	0	48.39100	0	0	0	0	0	0	0
cg05619116	104.25354	0	48.96201	0	0	83.01511	42.20478	0	0	55.91903	0	47.42708	51.13782	0	106.21349	0	158.21116	52.64543	201.16677	0	49.34616
cg05621843	0	0	0	0	0	0	0	0	63.63347	0	0	0	0	48.39100	0	0	0	0	0	0	0
cg05667348	0	0	0	0	0	41.50755	42.20478	0	0	0	0	0	0	0	53.10674	0	52.73705	0	50.29169	0	49.34616
cg05799997	0	0	0	0	0	0	0	0	0	0	0	0	0	0	0	0	0	0	0	0	0
cg05919078	938.28190	0	293.77203	317.50352	569.47608	498.09065	168.81911	469.67651	63.63347	838.78544	519.93969	379.41665	511.37816	338.73699	584.17419	0	580.10758	368.51803	553.20861	451.44689	444.11547
cg05970317	0	0	97.92401	0	0	0	0	58.70956	0	0	0	0	0	0	0	0	0	0	0	0	0
cg06073499	52.12677	110.77264	146.88602	0	87.61170	83.01511	0	117.41913	190.90041	55.91903	155.98191	94.85416	0	0	0	58.59947	105.47411	0	50.29169	90.28938	0
cg06187301	0	0	0	0	0	0	0	58.70956	0	0	0	0	0	0	53.10674	58.59947	0	0	0	45.14469	0
cg06202136	0	0	0	0	43.80585	0	0	0	0	0	0	0	0	0	0	0	0	0	0	0	0
cg06213287	0	110.77264	48.96201	0	0	0	42.20478	0	63.63347	55.91903	0	94.85416	51.13782	48.39100	0	117.19895	0	105.29087	100.58338	45.14469	49.34616
cg06279276	52.12677	276.93160	538.58206	181.43058	350.44682	166.03022	0	117.41913	0	335.51418	207.97587	142.28124	51.13782	48.39100	212.42698	58.59947	685.58169	0	452.62523	0	49.34616
cg06461649	0	0	0	0	0	0	0	0	0	0	0	0	0	48.39100	0	0	0	0	0	0	0
cg06476053	0	0	48.96201	0	0	0	0	0	0	223.67612	0	0	0	0	0	0	0	0	0	0	0
cg06520258	104.25354	0	293.77203	0	306.64097	41.50755	42.20478	58.70956	0	391.43320	0	189.70832	51.13782	0	53.10674	0	263.68527	0	201.16677	135.43407	0
cg06532789	0	0	0	0	0	0	0	0	0	0	0	0	0	0	0	0	0	0	0	0	49.34616
cg06635832	0	0	48.96201	45.35765	0	41.50755	0	0	0	111.83806	0	0	0	48.39100	53.10674	0	52.73705	52.64543	0	45.14469	98.69233
cg06713259	886.15513	0	146.88602	317.50352	438.05852	830.15109	506.45733	1174.19128	63.63347	111.83806	571.93366	616.55205	767.06725	725.86499	743.49442	0	421.89642	210.58173	301.75015	541.73626	986.92327
cg06763641	0	0	0	0	0	0	0	0	0	0	0	0	0	0	0	0	0	0	0	0	0
cg06806041	208.50709	110.77264	342.73404	45.35765	438.05852	83.01511	126.61433	58.70956	254.53388	615.10932	51.99397	426.84373	153.41345	193.56400	265.53372	234.39789	474.63348	52.64543	352.04184	135.43407	0
cg06904086	0	0	0	45.35765	0	0	42.20478	58.70956	0	0	0	0	0	0	53.10674	0	52.73705	0	0	45.14469	0
cg07028174	0	55.38632	48.96201	45.35765	0	0	0	117.41913	0	55.91903	0	0	0	0	0	0	0	0	0	0	0
cg07262620	0	0	0	0	0	0	0	0	0	0	0	0	0	0	0	0	0	0	0	0	0
cg07313162	0	0	0	0	0	0	0	0	0	0	0	0	0	0	0	0	0	0	0	0	0
cg07428136	0	0	0	0	0	0	0	0	0	0	0	0	0	0	0	0	0	52.64543	0	0	0
cg07499899	156.38032	0	342.73404	0	43.80585	83.01511	42.20478	58.70956	0	167.75709	0	47.42708	0	48.39100	106.21349	0	105.47411	0	50.29169	45.14469	0
cg07548283	0	0	97.92401	0	0	0	0	58.70956	0	167.75709	0	94.85416	0	0	0	0	105.47411	0	100.58338	45.14469	49.34616
cg07806801	0	0	0	0	0	0	0	0	63.63347	0	0	0	0	0	0	58.59947	0	0	50.29169	0	0
cg07843309	208.50709	0	0	0	0	0	0	0	0	0	0	0	0	0	0	0	0	0	0	0	0
cg07881483	208.50709	0	97.92401	90.71529	131.41756	124.52266	168.81911	176.12869	127.26694	0	0	47.42708	51.13782	0	0	0	0	105.29087	100.58338	90.28938	0
cg07910680	52.12677	0	0	0	43.80585	0	0	58.70956	0	0	0	0	0	0	0	58.59947	52.73705	0	0	0	0
cg07938459	0	110.77264	293.77203	45.35765	0	0	0	0	127.26694	55.91903	0	0	0	0	0	117.19895	52.73705	0	50.29169	0	49.34616
cg08036487	0	0	0	0	0	0	0	0	0	0	0	0	0	0	0	0	0	0	0	0	0
cg08145798	0	55.38632	0	0	43.80585	0	0	0	0	0	0	0	102.27563	48.39100	0	0	0	0	50.29169	0	49.34616
cg08197287	260.63386	0	244.81003	45.35765	87.61170	124.52266	0	58.70956	0	55.91903	0	47.42708	306.82690	0	159.32023	58.59947	105.47411	52.64543	301.75015	225.72344	197.38465
cg08259514	0	0	0	0	0	0	0	0	0	0	0	0	0	0	0	0	0	0	0	0	0
cg08315530	156.38032	0	0	0	43.80585	0	0	0	0	0	0	0	0	48.39100	106.21349	0	0	0	0	0	0
cg08478672	0	0	0	0	0	124.52266	295.43344	0	0	0	0	94.85416	357.96471	145.17300	0	0	0	105.29087	0	135.43407	296.07698
cg08491843	52.12677	55.38632	1077.16412	90.71529	131.41756	207.53777	84.40956	176.12869	0	391.43320	0	47.42708	204.55127	0	53.10674	58.59947	685.58169	52.64543	100.58338	45.14469	98.69233
cg08496735	417.01418	110.77264	244.81003	362.86116	350.44682	124.52266	253.22867	117.41913	190.90041	279.59515	363.95778	237.13540	306.82690	435.51899	265.53372	58.59947	210.94821	473.80890	251.45846	45.14469	148.03849
cg08511886	0	0	0	0	0	0	0	0	127.26694	0	0	0	0	0	0	0	0	0	0	0	0
cg08564172	0	55.38632	195.84802	0	0	0	42.20478	58.70956	0	55.91903	0	0	51.13782	0	0	0	0	0	50.29169	0	0
cg08573409	0	0	97.92401	0	0	0	0	0	0	55.91903	0	47.42708	0	0	0	0	105.47411	0	0	45.14469	49.34616
cg08591265	677.64804	166.15896	293.77203	498.93410	744.69949	249.04533	295.43344	469.67651	0	111.83806	571.93366	284.56249	204.55127	241.95500	743.49442	410.19631	158.21116	526.45433	301.75015	406.30220	444.11547
cg08697985	0	0	0	0	43.80585	0	0	0	0	0	0	0	0	0	0	0	0	0	0	0	0
cg08717672	0	0	0	0	43.80585	0	0	0	63.63347	0	0	47.42708	0	0	0	0	0	52.64543	0	0	49.34616
cg08739399	0	0	0	0	0	0	42.20478	0	0	0	0	0	0	0	0	0	0	0	0	0	0
cg08805158	260.63386	0	48.96201	0	43.80585	83.01511	42.20478	58.70956	0	0	0	47.42708	0	96.78200	53.10674	58.59947	0	0	100.58338	45.14469	0
cg08850922	0	0	0	0	0	0	0	0	63.63347	0	0	0	0	0	0	0	0	0	0	0	0
cg08895590	417.01418	775.40847	440.65805	45.35765	219.02926	373.56799	168.81911	293.54782	572.70124	726.94738	207.97587	426.84373	153.41345	580.69199	371.74721	527.39525	263.68527	157.93630	251.45846	361.15751	444.11547
cg08975360	0	0	0	0	0	0	0	0	0	0	0	0	0	0	53.10674	0	0	0	0	90.28938	0
cg09031776	0	0	0	0	87.61170	0	0	0	0	0	0	0	0	0	0	0	52.73705	0	0	0	0
cg09144744	0	0	0	0	0	0	0	0	0	0	0	0	0	0	0	0	0	0	0	0	0
cg09180564	16419.93328	19717.52977	12534.27340	16192.67928	14543.54302	12410.75876	13294.50494	18434.80303	20871.77856	11798.91517	18197.88904	14892.10339	13244.69445	14759.25478	15825.80988	18634.63229	13289.73737	17741.51092	15389.25769	13588.55131	15544.04145
cg09212577	0	0	0	0	0	0	0	0	0	55.91903	0	0	0	48.39100	0	0	0	0	0	0	0
cg09309261	1720.18349	2160.06646	1126.12613	2902.88928	1445.59313	1618.79462	2152.44366	1937.41561	1845.37066	950.62350	3067.64415	1185.67702	2147.78829	2806.67796	1646.30908	1640.78523	791.05580	2579.62622	1357.87568	2031.51099	2417.96200
cg09327847	0	0	146.88602	0	87.61170	41.50755	0	117.41913	63.63347	55.91903	0	94.85416	0	0	0	0	105.47411	0	50.29169	45.14469	0
cg09568092	52.12677	0	0	0	0	0	0	0	0	0	0	0	0	0	0	0	0	0	0	0	0
cg09574009	573.39450	110.77264	2741.87231	90.71529	876.11705	290.55288	168.81911	528.38607	0	1286.13767	0	663.97913	102.27563	48.39100	212.42698	117.19895	2056.74507	0	804.66707	90.28938	49.34616
cg09592121	0	0	0	0	0	0	0	0	0	0	0	0	0	0	0	0	0	0	0	0	0
cg09623010	0	55.38632	0	0	0	0	0	0	0	111.83806	0	0	0	0	0	0	0	0	0	45.14469	0
cg09638421	0	0	0	0	0	0	0	0	0	0	0	47.42708	0	0	0	0	0	0	0	0	0
cg09746869	208.50709	387.70424	97.92401	181.43058	43.80585	41.50755	211.02389	176.12869	890.86860	55.91903	259.96984	94.85416	204.55127	0	53.10674	292.99736	105.47411	157.93630	50.29169	90.28938	148.03849
cg09791440	0	0	0	0	0	0	0	0	0	0	0	0	0	0	0	0	0	0	0	0	0
cg10052072	52.12677	0	48.96201	0	0	41.50755	0	58.70956	0	0	0	47.42708	0	0	53.10674	0	52.73705	0	0	0	0
cg10093308	0	0	0	0	0	0	0	0	0	55.91903	51.99397	0	0	0	0	0	52.73705	0	100.58338	0	0
cg10190104	521.26772	110.77264	636.50607	408.21881	438.05852	124.52266	253.22867	176.12869	190.90041	894.70447	415.95175	284.56249	306.82690	483.90999	371.74721	58.59947	843.79285	473.80890	352.04184	45.14469	148.03849
cg10212432	0	0	293.77203	45.35765	175.22341	0	84.40956	58.70956	0	0	155.98191	142.28124	51.13782	48.39100	0	0	263.68527	0	100.58338	0	0
cg10291238	15064.63720	26640.81972	19388.95417	19413.07207	17040.47661	12825.83430	13125.68583	13796.74749	29207.76328	20410.44567	21525.50304	14892.10339	12631.04065	12823.61481	14763.67499	28772.34105	21674.92880	19636.74651	18155.30074	13769.13006	13422.15643
cg10369790	0	0	0	0	0	0	0	0	0	0	0	0	0	0	0	0	0	0	0	0	0
cg10574006	1146.78899	2658.54334	1664.70819	3311.10809	2058.87507	1909.34750	2405.67232	2524.51124	2672.60579	2124.92311	3275.62003	1612.52075	2301.20174	2467.94096	2389.80351	3047.17258	2320.43033	3421.95315	2414.00121	1941.22162	2615.34666
cg10587082	0	0	0	0	0	0	0	0	0	0	0	0	0	0	0	0	0	0	0	0	0
cg10603156	52.12677	110.77264	195.84802	45.35765	43.80585	124.52266	168.81911	234.83826	190.90041	167.75709	155.98191	189.70832	102.27563	48.39100	159.32023	58.59947	158.21116	157.93630	150.87508	225.72344	148.03849
cg10671950	52.12677	0	0	0	0	0	0	0	0	0	0	0	0	0	0	0	0	0	0	0	0
cg10736139	260.63386	0	48.96201	0	43.80585	83.01511	42.20478	58.70956	0	0	0	47.42708	0	96.78200	53.10674	58.59947	0	0	100.58338	45.14469	0
cg10766285	52.12677	0	48.96201	45.35765	175.22341	41.50755	0	0	63.63347	55.91903	0	0	0	0	0	58.59947	52.73705	0	50.29169	0	0
cg10828910	0	0	0	0	0	0	0	0	0	0	0	0	0	0	0	0	0	0	0	0	0
cg10885779	0	0	0	0	0	41.50755	0	0	0	0	0	47.42708	51.13782	0	0	0	0	0	50.29169	0	0
cg11024426	52.12677	0	146.88602	45.35765	0	83.01511	0	0	127.26694	0	51.99397	0	51.13782	0	53.10674	58.59947	158.21116	0	0	45.14469	0
cg11058691	6255.21268	6757.13099	13072.85546	4263.61863	5212.89644	4109.24788	4304.88731	7045.14765	5599.74547	13140.97187	5563.35465	5074.69765	5011.50601	4306.79894	6797.66330	5508.35042	12815.10389	4685.44354	6437.33655	5688.23078	4342.46237
cg11238820	1042.53545	221.54528	2105.36624	226.78823	569.47608	581.10576	126.61433	763.22433	381.80083	2684.11340	311.96381	1233.10410	255.68908	193.56400	743.49442	292.99736	2425.90444	263.22717	754.37538	361.15751	197.38465
cg11259152	104.25354	0	0	45.35765	0	0	0	0	0	0	0	0	0	48.39100	0	0	52.73705	0	0	0	0
cg11351475	0	0	0	0	0	0	0	0	0	55.91903	0	0	0	0	0	0	0	0	0	0	0
cg11391811	0	55.38632	0	0	0	0	0	0	0	0	0	0	0	0	0	0	0	0	0	0	0
cg11393310	0	0	0	0	0	0	0	0	0	0	0	0	0	0	0	0	0	0	0	0	49.34616
cg11586360	417.01418	110.77264	538.58206	0	306.64097	83.01511	42.20478	0	63.63347	335.51418	51.99397	189.70832	255.68908	96.78200	318.64047	58.59947	105.47411	210.58173	502.91692	135.43407	296.07698
cg11610703	52.12677	0	244.81003	0	43.80585	0	84.40956	0	0	223.67612	0	94.85416	0	0	53.10674	0	210.94821	0	0	0	0
cg11633770	0	0	0	0	0	0	0	0	0	0	0	47.42708	0	0	0	0	0	0	0	0	0
cg11745838	364.88741	332.31792	97.92401	0	131.41756	166.03022	84.40956	234.83826	190.90041	167.75709	103.98794	142.28124	51.13782	145.17300	106.21349	58.59947	105.47411	157.93630	201.16677	90.28938	49.34616
cg11808745	573.39450	276.93160	1321.97415	45.35765	394.25267	124.52266	42.20478	410.96695	254.53388	2180.84214	51.99397	379.41665	102.27563	48.39100	318.64047	117.19895	1318.42633	105.29087	251.45846	361.15751	0
cg11846636	0	0	0	0	0	0	0	0	0	0	51.99397	0	0	0	0	0	0	0	0	0	0
cg11924172	0	0	0	0	0	0	0	0	0	0	0	0	0	0	0	0	0	0	0	0	0
cg11969813	52.12677	110.77264	146.88602	0	0	0	42.20478	0	0	111.83806	0	47.42708	51.13782	48.39100	106.21349	58.59947	0	0	0	0	0
cg11987802	0	0	0	0	0	0	0	0	0	0	0	47.42708	0	0	0	0	0	0	0	0	0
cg12030118	0	0	0	0	0	0	0	0	0	0	0	0	0	0	0	0	0	0	50.29169	0	0
cg12059894	104.25354	0	244.81003	0	219.02926	0	42.20478	176.12869	0	111.83806	0	189.70832	51.13782	48.39100	53.10674	0	158.21116	0	301.75015	90.28938	0
cg12078931	15794.41201	21932.98255	43233.45084	11566.19948	15989.13615	9131.66196	9327.25585	18199.96477	23226.21699	45070.73757	12998.49217	16030.35333	10278.70110	9097.50786	14976.10196	21974.80223	44773.75804	14582.78494	20569.30195	10563.85716	10264.00197
cg12159464	0	0	0	0	0	0	0	0	0	0	0	47.42708	0	0	0	0	0	0	0	0	0
cg12165841	0	0	0	0	0	0	84.40956	0	0	0	0	0	51.13782	0	0	0	0	0	0	0	0
cg12196642	0	0	0	0	0	0	0	0	0	0	0	0	0	0	0	0	0	0	0	45.14469	0
cg12304116	208.50709	0	48.96201	136.07294	219.02926	166.03022	0	0	0	55.91903	103.98794	47.42708	204.55127	96.78200	0	58.59947	52.73705	52.64543	150.87508	135.43407	49.34616
cg12474759	938.28190	609.24952	1077.16412	816.43761	438.05852	290.55288	675.27644	1291.61040	445.43430	894.70447	831.90350	474.27081	664.79161	580.69199	1274.56187	234.39789	791.05580	947.61779	804.66707	677.17033	345.42314
cg12476579	0	0	0	45.35765	0	0	0	0	0	0	51.99397	0	0	0	0	0	0	0	0	0	0
cg12548555	52.12677	0	97.92401	90.71529	131.41756	83.01511	0	117.41913	0	55.91903	0	0	102.27563	48.39100	53.10674	0	52.73705	210.58173	50.29169	135.43407	49.34616
cg12550490	0	0	0	0	0	0	0	0	0	0	0	0	0	0	0	0	0	0	0	0	0
cg12571098	18296.49708	17668.23595	19339.99217	18369.84624	17434.72928	14776.68936	12534.81894	18317.38390	17626.47152	18117.76548	20121.66589	15698.36377	14881.10458	13839.82579	16675.51779	16583.65075	20251.02837	18794.41958	17300.34198	13994.85351	14951.88749
cg12723985	0	0	0	0	0	0	0	0	0	0	0	0	0	48.39100	0	0	0	0	0	0	0
cg12753781	104.25354	55.38632	0	45.35765	131.41756	41.50755	168.81911	58.70956	127.26694	167.75709	155.98191	142.28124	204.55127	48.39100	265.53372	351.59684	105.47411	0	251.45846	225.72344	148.03849
cg12757631	43838.61551	28468.56826	41862.51469	43407.26629	30970.73769	30715.59024	32961.93129	45676.04063	31116.76742	42107.02902	50642.12551	31633.86294	39427.25646	32083.23252	44556.55868	30061.52945	46883.24016	49012.89813	36562.05995	39456.45795	29755.73649
cg12765567	990.40867	1550.81695	8519.38895	1088.58348	2015.06921	622.61332	844.09555	1174.19128	954.50207	9450.31594	1091.87334	1375.38535	613.65380	532.30099	1433.88210	1347.78787	8121.50617	1105.55409	2011.66767	677.17033	1184.30792
cg12968741	0	0	48.96201	0	0	0	0	0	0	55.91903	0	0	0	0	0	0	0	0	0	0	0
cg12991263	52.12677	0	0	0	0	0	0	117.41913	0	0	103.98794	0	51.13782	0	0	0	0	0	0	45.14469	0
cg13068284	52.12677	55.38632	97.92401	0	0	0	0	58.70956	0	111.83806	0	0	0	48.39100	0	0	52.73705	0	0	0	0
cg13188519	0	0	0	0	0	0	0	0	0	0	0	0	0	0	0	0	0	0	0	0	0
cg13235761	0	0	0	0	131.41756	41.50755	0	0	0	0	0	0	51.13782	0	0	0	52.73705	0	50.29169	0	49.34616
cg13273037	208.50709	1052.34007	195.84802	408.21881	131.41756	207.53777	295.43344	410.96695	318.16736	167.75709	415.95175	237.13540	0	290.34600	106.21349	703.19367	52.73705	263.22717	150.87508	90.28938	345.42314
cg13292626	104.25354	0	146.88602	45.35765	87.61170	41.50755	0	0	0	782.86641	103.98794	47.42708	51.13782	0	106.21349	0	685.58169	0	100.58338	45.14469	49.34616
cg13430534	47331.10926	43256.71559	69134.35174	47398.73906	47616.96163	39556.69932	39292.64793	51899.25439	43016.22654	68556.72986	56621.43191	46810.52881	42393.24981	40309.70240	45618.69357	46645.18019	70087.54351	50223.74309	52051.90103	38959.86637	39328.89218
cg13445984	0	55.38632	0	181.43058	43.80585	0	168.81911	58.70956	63.63347	0	0	0	102.27563	0	0	0	0	52.64543	50.29169	0	0
cg13557337	52.12677	0	0	45.35765	0	0	84.40956	58.70956	0	0	51.99397	47.42708	0	145.17300	0	0	0	0	0	45.14469	0
cg13587796	52.12677	0	0	0	43.80585	0	0	58.70956	0	0	0	0	0	0	0	0	0	0	50.29169	0	49.34616
cg13624095	0	0	0	45.35765	87.61170	41.50755	42.20478	117.41913	63.63347	0	51.99397	47.42708	51.13782	48.39100	0	0	105.47411	210.58173	50.29169	0	49.34616
cg13739312	260.63386	0	783.39209	0	438.05852	166.03022	42.20478	58.70956	0	503.27126	51.99397	189.70832	204.55127	48.39100	106.21349	0	580.10758	52.64543	251.45846	180.57875	148.03849
cg13880598	0	0	0	0	0	0	0	0	0	0	0	47.42708	0	0	0	0	0	0	0	0	0
cg13974838	0	0	0	0	0	41.50755	42.20478	0	0	0	0	0	0	0	53.10674	0	0	0	0	0	0
cg14076183	52.12677	55.38632	146.88602	0	43.80585	166.03022	0	58.70956	63.63347	167.75709	103.98794	47.42708	255.68908	48.39100	0	234.39789	52.73705	52.64543	100.58338	45.14469	49.34616
cg14093252	0	0	0	45.35765	0	0	0	0	0	111.83806	0	0	0	48.39100	0	0	0	0	0	0	0
cg14172482	0	0	0	0	0	0	0	0	0	0	0	0	0	0	0	0	52.73705	0	0	0	0
cg14228830	0	0	0	0	0	0	0	0	0	0	0	0	0	0	0	0	0	0	0	0	0
cg14252237	104.25354	0	0	0	0	0	0	0	0	0	0	94.85416	0	48.39100	0	0	105.47411	0	100.58338	45.14469	0
cg14331765	0	0	0	0	0	0	0	0	0	0	0	0	0	0	0	0	0	0	0	0	0
cg14383403	7506.25521	720.02215	65413.23933	362.86116	12791.30892	996.18130	506.45733	6927.72853	254.53388	55303.91992	415.95175	11572.20773	1687.54794	483.90999	5576.20818	703.19367	67081.53148	315.87260	11516.79743	1218.90660	641.50012
cg14391978	0	0	48.96201	0	0	0	0	0	0	0	0	0	0	0	0	0	52.73705	0	0	45.14469	0
cg14550716	0	110.77264	0	90.71529	0	0	0	0	0	55.91903	0	47.42708	0	0	106.21349	0	0	52.64543	50.29169	90.28938	0
cg14575790	0	0	0	0	0	0	0	0	0	111.83806	0	0	0	0	0	0	0	0	0	0	0
cg14652038	0	0	0	0	0	0	0	0	0	55.91903	0	0	0	0	0	58.59947	0	52.64543	0	0	0
cg14857865	0	0	0	0	0	0	0	58.70956	0	0	0	0	0	0	0	0	0	0	0	0	0
cg14900145	16889.07423	553.86320	24823.73678	2494.67048	14455.93131	19134.98257	5444.41631	10743.85017	254.53388	12469.94352	1507.82509	8963.71828	8744.56661	3677.71594	14763.67499	234.39789	16032.06413	2790.20795	12170.58942	9570.67401	5033.30866
cg14990120	0	0	0	0	0	0	0	0	0	0	0	0	0	0	0	0	0	0	0	0	0
cg15031965	0	0	0	0	0	0	0	0	0	0	0	47.42708	0	0	0	0	0	0	0	0	0
cg15078203	0	0	0	0	0	41.50755	0	58.70956	0	0	0	0	0	0	0	0	0	0	0	0	0
cg15144984	52.12677	0	0	0	131.41756	83.01511	84.40956	0	0	55.91903	0	94.85416	51.13782	48.39100	0	58.59947	52.73705	0	0	45.14469	0
cg15147732	0	0	0	0	0	0	0	0	0	0	0	0	0	0	0	0	0	0	0	0	0
cg15167636	0	0	97.92401	0	87.61170	0	42.20478	117.41913	0	55.91903	0	0	0	0	0	0	0	0	50.29169	0	0
cg15192103	208.50709	0	97.92401	0	43.80585	0	0	58.70956	0	55.91903	0	0	0	0	0	0	0	0	50.29169	45.14469	0
cg15238183	0	0	0	0	0	0	0	0	0	0	0	0	0	0	0	0	0	0	0	0	0
cg15252682	52.12677	221.54528	342.73404	90.71529	0	0	42.20478	0	127.26694	167.75709	155.98191	47.42708	0	0	53.10674	527.39525	158.21116	0	0	0	0
cg15259233	0	0	0	0	0	0	0	0	0	0	0	0	0	0	0	0	0	0	0	0	0
cg15531449	0	0	0	0	0	0	0	0	0	0	0	0	0	0	0	0	0	0	0	0	0
cg15574924	0	0	97.92401	45.35765	43.80585	0	0	0	0	0	103.98794	0	0	0	0	0	0	0	0	45.14469	49.34616
cg15613077	52.12677	0	0	181.43058	0	0	84.40956	0	0	0	155.98191	94.85416	51.13782	0	106.21349	0	105.47411	157.93630	0	45.14469	0
cg15634144	573.39450	443.09056	587.54407	408.21881	438.05852	415.07554	464.25255	587.09564	318.16736	559.19029	987.88541	331.98957	409.10253	629.08299	477.96070	351.59684	421.89642	421.16346	603.50030	677.17033	592.15396
cg15781627	0	0	0	0	0	0	0	0	0	0	0	0	51.13782	48.39100	0	0	0	0	0	0	0
cg15803972	0	0	97.92401	0	43.80585	0	0	0	0	0	0	94.85416	0	0	0	117.19895	52.73705	52.64543	50.29169	0	0
cg15822656	0	0	48.96201	0	0	0	0	0	0	0	0	0	0	0	0	58.59947	0	0	0	0	0
cg15827169	0	0	0	0	0	0	0	0	0	0	0	0	0	0	0	0	52.73705	0	0	0	0
cg15848159	6046.70559	7089.44891	8519.38895	4263.61863	7052.74225	5229.95185	3545.20132	6869.01896	5854.27935	7269.47380	4263.50543	7114.06213	5676.29762	3290.58795	7222.51726	6211.54410	6908.55395	4369.57094	6839.67009	3927.58792	4194.42388
cg15899242	0	0	0	0	0	0	0	0	0	0	0	0	0	0	0	0	52.73705	0	0	0	0
cg16110131	52.12677	0	0	0	0	0	0	0	0	0	51.99397	0	0	0	0	0	0	0	0	0	0
cg16149820	20329.44120	20548.32456	18605.56208	20909.87436	18354.65218	15648.34800	18443.48780	23014.14900	18517.34012	17111.22295	24125.20148	15888.07209	18051.64919	19017.66271	19277.74827	18224.43598	16770.38287	22848.11793	19362.30135	17470.99454	18702.19590
cg16239717	0	0	0	0	0	0	0	0	0	0	0	0	0	0	0	0	0	0	0	0	0
cg16297799	104.25354	0	97.92401	0	0	0	0	0	0	0	0	0	0	0	0	0	0	0	0	90.28938	49.34616
cg16375198	0	0	0	0	0	0	0	0	0	0	0	0	0	0	0	0	0	0	0	0	0
cg16411818	0	55.38632	0	0	0	0	0	0	0	55.91903	0	47.42708	51.13782	48.39100	0	0	0	0	50.29169	0	49.34616
cg16436462	0	0	0	0	0	0	0	0	0	0	0	0	0	0	0	0	0	0	0	0	0
cg16456182	0	0	0	0	0	0	0	0	0	0	0	0	0	0	0	0	0	0	0	0	0
cg16504278	0	0	0	0	0	0	0	0	0	0	0	0	0	0	0	0	0	0	0	0	0
cg16543948	0	0	0	0	0	0	0	0	0	0	0	0	0	0	0	0	52.73705	0	0	0	0
cg16724613	0	0	0	45.35765	0	0	0	0	0	0	0	0	0	0	0	0	0	0	50.29169	45.14469	0
cg16755880	0	0	0	0	0	0	0	0	0	0	0	0	0	48.39100	0	0	0	0	0	0	49.34616
cg16842039	0	0	0	0	175.22341	0	0	58.70956	0	0	0	0	0	48.39100	0	0	0	0	100.58338	90.28938	0
cg16859420	0	0	0	0	0	0	0	0	63.63347	0	0	47.42708	0	0	0	0	52.73705	0	0	0	0
cg16876710	52.12677	0	97.92401	0	0	41.50755	42.20478	0	0	0	0	0	0	96.78200	53.10674	0	52.73705	0	50.29169	45.14469	0
cg16912114	312.76063	0	1321.97415	45.35765	350.44682	166.03022	84.40956	410.96695	0	726.94738	0	521.69789	102.27563	96.78200	371.74721	117.19895	1529.37454	52.64543	553.20861	0	98.69233
cg17041776	19391.15930	14898.91997	16402.27184	17870.91214	16952.86490	15067.24224	14349.62438	21605.11947	18199.17276	19236.14606	18665.83476	16978.89495	18102.78701	14614.08178	18959.10781	16407.85233	22307.77344	21900.50013	18306.17582	14897.74728	12978.04096
cg17159581	0	0	97.92401	0	131.41756	41.50755	0	58.70956	0	55.91903	51.99397	142.28124	102.27563	0	53.10674	0	263.68527	0	150.87508	90.28938	49.34616
cg17189737	0	0	48.96201	0	0	0	0	0	0	0	0	0	0	0	0	58.59947	0	0	0	0	49.34616
cg17284119	0	0	0	0	0	0	0	0	0	0	0	0	0	0	0	0	0	0	0	0	0
cg17334836	52.12677	0	0	45.35765	43.80585	124.52266	0	0	0	111.83806	103.98794	47.42708	51.13782	96.78200	0	0	52.73705	52.64543	0	45.14469	98.69233
cg17383678	0	0	48.96201	0	0	0	0	0	0	0	51.99397	0	0	0	0	0	0	0	0	0	49.34616
cg17573807	0	0	0	0	0	0	0	0	0	0	0	0	0	0	0	0	0	0	0	0	0
cg17608044	0	0	0	0	0	0	0	0	0	0	0	0	0	0	0	0	0	0	0	0	0
cg17632590	52.12677	0	48.96201	0	43.80585	41.50755	42.20478	58.70956	0	167.75709	0	0	0	0	0	0	158.21116	52.64543	0	45.14469	0
cg17654094	0	0	0	0	0	0	0	0	0	0	0	0	51.13782	0	0	0	52.73705	0	0	45.14469	0
cg17702338	0	0	0	0	0	0	0	0	0	55.91903	51.99397	0	0	0	0	0	0	0	0	0	0
cg17730039	0	0	97.92401	0	87.61170	41.50755	42.20478	0	0	55.91903	0	0	0	0	0	0	158.21116	0	50.29169	0	0
cg17741809	0	55.38632	0	0	0	0	0	0	0	0	0	0	0	0	0	0	0	0	0	0	0
cg17789273	0	0	0	0	43.80585	0	0	0	0	0	0	0	0	0	0	0	0	0	0	0	0
cg17819732	417.01418	0	97.92401	45.35765	262.83511	207.53777	84.40956	352.25738	0	0	207.97587	142.28124	460.24035	145.17300	212.42698	0	105.47411	52.64543	150.87508	225.72344	148.03849
cg17861455	0	0	146.88602	0	43.80585	41.50755	0	58.70956	0	55.91903	0	0	102.27563	0	53.10674	0	105.47411	0	50.29169	0	49.34616
cg17960012	28721.85154	8861.81113	22767.33255	56515.62571	16909.05905	49393.98971	79809.23441	29824.45840	8717.78556	21864.34044	64888.47294	20393.64477	48990.02813	81151.70578	33457.24907	9493.11456	21200.29533	67965.25401	18809.09274	49388.28947	82013.32346
cg18026754	0	0	930.27810	0	219.02926	83.01511	0	117.41913	0	782.86641	0	237.13540	0	0	106.21349	58.59947	421.89642	0	100.58338	0	0
cg18066182	104.25354	0	293.77203	0	306.64097	41.50755	42.20478	58.70956	0	391.43320	0	189.70832	51.13782	0	53.10674	0	316.42232	0	201.16677	135.43407	0
cg18195352	0	0	0	0	0	0	0	0	0	0	0	0	0	0	0	0	0	0	0	0	0
cg18279094	0	0	0	0	0	0	0	0	0	0	0	0	0	0	0	0	52.73705	0	0	0	0
cg18281910	0	0	0	0	43.80585	0	0	0	0	0	0	0	0	0	0	0	0	0	0	0	0
cg18312118	156.38032	0	0	0	43.80585	41.50755	0	0	0	55.91903	0	0	0	0	0	0	0	0	0	0	0
cg18335223	0	0	0	0	0	0	0	0	0	0	0	0	0	0	0	0	0	0	0	0	0
cg18363294	0	0	48.96201	0	43.80585	0	0	0	0	0	0	0	0	0	0	0	0	0	50.29169	0	0
cg18385689	104.25354	0	48.96201	0	350.44682	124.52266	126.61433	176.12869	0	223.67612	51.99397	94.85416	153.41345	96.78200	212.42698	0	52.73705	0	0	90.28938	49.34616
cg18425869	0	0	0	90.71529	43.80585	41.50755	0	0	0	0	0	0	51.13782	0	159.32023	0	0	0	0	0	0
cg18488651	0	0	0	0	0	0	0	0	0	0	0	0	0	0	0	0	0	0	0	0	0
cg18512336	71465.80484	76322.34838	74275.36232	80872.68109	71885.40389	63548.06575	67063.39158	76205.01380	84377.98282	79796.45473	81162.58514	74602.79820	64689.33777	66102.10501	77960.70101	82859.65426	76574.20103	79915.76731	75890.16295	65866.10085	66025.16654
cg18513858	0	0	0	0	0	0	0	0	0	0	0	0	0	0	0	0	0	0	50.29169	0	0
cg18741439	0	0	0	0	0	0	0	0	0	0	0	0	0	0	53.10674	0	0	0	0	0	0
cg18842353	156.38032	0	244.81003	45.35765	219.02926	124.52266	126.61433	58.70956	0	335.51418	51.99397	189.70832	102.27563	48.39100	212.42698	0	158.21116	0	50.29169	90.28938	98.69233
cg18962915	521.26772	498.47688	734.43008	635.00703	1007.53461	747.13598	379.84300	410.96695	636.33471	503.27126	623.92762	663.97913	409.10253	290.34600	424.85396	1054.79051	421.89642	947.61779	402.33353	406.30220	740.19245
cg18986305	13500.83403	15342.01052	12534.27340	15693.74518	15551.07762	14735.18180	13294.50494	15323.19615	15590.20045	12414.02449	15962.14839	14986.95755	12937.86755	13065.56980	15347.84918	15470.26077	11338.46641	15951.56620	15841.88292	13588.55131	13224.77177
cg19156395	0	0	0	0	0	0	0	0	0	0	0	0	0	0	0	0	0	0	0	0	0
cg19321522	52.12677	0	0	0	43.80585	41.50755	0	0	0	0	0	0	0	96.78200	0	0	52.73705	0	0	0	49.34616
cg19361800	0	0	0	0	0	0	0	0	0	0	0	0	0	48.39100	0	0	0	0	50.29169	0	0
cg19645639	781.90158	110.77264	1126.12613	362.86116	788.50534	622.61332	211.02389	587.09564	127.26694	782.86641	363.95778	806.26037	562.51598	193.56400	690.38768	58.59947	580.10758	263.22717	553.20861	270.86813	345.42314
cg19884850	7766.88907	4209.36029	2301.21426	2857.53164	4687.22621	4358.29321	2954.33443	7456.11460	4963.41075	2124.92311	2703.68637	4552.99976	5420.60854	3484.15195	6479.02284	5332.55201	2214.95623	3158.72598	5079.46087	5778.52016	5033.30866
cg19932420	521.26772	5594.01828	2643.94830	2676.10106	350.44682	664.12087	844.09555	880.64346	4581.60993	2516.35632	3379.60797	1090.82286	920.48070	1887.24897	690.38768	5449.75095	2584.11560	2790.20795	754.37538	993.18315	937.57710
cg20002209	208.50709	55.38632	489.62005	272.14587	131.41756	83.01511	84.40956	293.54782	0	615.10932	155.98191	284.56249	102.27563	145.17300	0	0	263.68527	52.64543	402.33353	90.28938	197.38465
cg20012601	52.12677	0	0	0	0	0	0	0	0	0	0	94.85416	0	0	0	0	0	0	0	0	0
cg20162923	0	0	0	0	0	0	0	0	0	0	0	0	0	0	0	0	0	0	0	0	0
cg20275066	0	55.38632	0	0	43.80585	0	0	0	0	55.91903	0	0	0	0	0	0	52.73705	0	0	0	0
cg20370581	156.38032	0	48.96201	0	0	41.50755	42.20478	117.41913	0	55.91903	0	94.85416	0	193.56400	53.10674	58.59947	0	0	0	135.43407	49.34616
cg20459687	52.12677	55.38632	0	0	43.80585	0	0	0	0	0	0	47.42708	0	48.39100	106.21349	0	0	0	0	0	49.34616
cg20608895	0	0	0	0	0	0	0	0	0	0	0	0	0	0	0	0	0	0	0	0	0
cg20885657	0	0	48.96201	0	0	0	0	0	0	0	0	0	0	0	0	0	0	0	0	45.14469	0
cg20968743	0	0	48.96201	45.35765	43.80585	0	0	0	0	55.91903	103.98794	142.28124	51.13782	0	0	0	158.21116	0	100.58338	0	0
cg20992011	0	0	0	0	0	0	0	0	0	0	0	0	0	0	0	0	0	0	0	0	0
cg20993361	52.12677	0	0	0	0	83.01511	0	0	0	0	0	0	0	0	0	0	0	0	0	0	49.34616
cg21040513	2085.07089	55.38632	1273.01214	725.72232	963.72875	788.64353	633.07166	1232.90084	190.90041	894.70447	675.92159	1043.39578	1176.16978	774.25599	1593.20234	0	1582.11159	842.32693	1005.83384	902.89377	789.53861
cg21055546	0	0	0	0	0	0	0	0	0	0	0	0	0	0	0	0	0	0	0	0	0
cg21081729	0	0	0	45.35765	0	0	0	58.70956	0	0	0	47.42708	0	0	0	0	0	0	0	0	0
cg21144398	417.01418	55.38632	391.69604	317.50352	744.69949	124.52266	253.22867	352.25738	127.26694	615.10932	207.97587	237.13540	255.68908	338.73699	212.42698	0	263.68527	263.22717	653.79199	90.28938	197.38465
cg21194128	0	0	0	0	43.80585	0	42.20478	0	0	0	0	0	0	48.39100	0	58.59947	0	0	0	0	0
cg21327469	52.12677	110.77264	97.92401	0	87.61170	0	84.40956	0	63.63347	55.91903	103.98794	47.42708	102.27563	48.39100	0	0	158.21116	210.58173	100.58338	90.28938	0
cg21364560	52.12677	0	0	90.71529	0	0	42.20478	0	0	55.91903	103.98794	0	102.27563	0	0	0	0	0	0	0	98.69233
cg21567502	52.12677	55.38632	48.96201	45.35765	175.22341	124.52266	126.61433	117.41913	63.63347	55.91903	103.98794	94.85416	102.27563	96.78200	106.21349	175.79842	158.21116	52.64543	100.58338	45.14469	49.34616
cg21578847	260.63386	0	146.88602	0	43.80585	41.50755	42.20478	176.12869	0	55.91903	51.99397	47.42708	204.55127	0	53.10674	0	52.73705	52.64543	100.58338	90.28938	0
cg21654974	0	0	0	0	0	0	0	0	0	0	0	0	0	0	0	0	0	0	0	0	0
cg21658898	0	0	97.92401	0	0	0	0	0	0	167.75709	0	0	0	0	53.10674	0	0	0	0	0	0
cg21674813	0	0	48.96201	0	0	0	0	0	0	0	0	0	0	0	0	0	0	0	0	0	0
cg21759797	260.63386	55.38632	97.92401	0	306.64097	124.52266	84.40956	58.70956	63.63347	111.83806	103.98794	47.42708	51.13782	96.78200	212.42698	117.19895	105.47411	105.29087	100.58338	45.14469	98.69233
cg21817212	0	0	0	0	0	0	0	0	0	0	0	0	0	0	0	0	0	0	0	0	0
cg21842905	0	0	0	45.35765	0	0	0	0	0	0	0	0	0	0	0	0	0	0	0	0	0
cg21909680	0	0	0	0	0	0	0	0	0	0	0	0	0	0	0	0	0	0	0	0	0
cg22193146	0	0	0	0	0	83.01511	0	117.41913	0	0	0	0	102.27563	0	0	0	52.73705	0	0	0	98.69233
cg22251024	0	0	0	0	0	0	0	0	0	0	0	0	0	0	0	0	0	0	0	0	0
cg22265636	1303.16931	1107.72639	930.27810	1632.87522	744.69949	1369.74929	1223.93855	1115.48171	699.96818	726.94738	1299.84922	1043.39578	1687.54794	774.25599	1274.56187	1171.98945	738.31874	1000.26323	1207.00060	1128.61722	937.57710
cg22282414	52.12677	0	146.88602	0	87.61170	0	0	58.70956	63.63347	0	0	0	0	0	53.10674	0	0	52.64543	0	0	0
cg22321892	0	0	48.96201	0	0	41.50755	0	0	0	0	0	0	102.27563	0	0	0	0	0	0	45.14469	0
cg22482700	0	0	146.88602	45.35765	87.61170	0	0	0	0	0	0	47.42708	0	0	0	0	52.73705	0	0	0	0
cg22571544	0	0	0	0	0	0	0	0	0	0	0	0	0	0	0	0	0	0	0	0	0
cg22830694	0	0	0	0	0	0	84.40956	58.70956	0	111.83806	0	0	0	0	53.10674	0	105.47411	52.64543	0	0	0
cg23004599	0	0	0	0	0	0	0	0	0	0	0	0	0	0	0	0	0	0	0	0	0
cg23011905	0	0	0	0	0	0	0	58.70956	0	0	0	0	0	0	53.10674	0	0	0	0	0	0
cg23020213	52.12677	0	0	0	0	0	0	0	0	0	0	0	0	0	0	0	0	0	0	0	0
cg23023970	0	0	0	0	0	0	0	0	0	0	0	0	0	0	0	0	0	0	0	0	0
cg23149098	52.12677	0	685.46808	0	0	83.01511	0	58.70956	0	391.43320	0	47.42708	0	48.39100	53.10674	0	474.63348	0	50.29169	45.14469	49.34616
cg23323203	52.12677	166.15896	0	0	0	0	0	0	0	111.83806	0	47.42708	0	0	0	0	0	0	100.58338	0	0
cg23339693	834.02836	332.31792	244.81003	2041.09403	963.72875	1120.70397	801.89077	939.35302	318.16736	391.43320	2443.71653	616.55205	971.61851	1016.21098	955.92140	117.19895	369.15937	1684.65386	704.08369	1264.05128	740.19245
cg23381884	0	0	0	0	0	0	0	117.41913	0	0	51.99397	0	0	0	0	0	0	0	0	0	0
cg23461741	0	0	0	0	0	0	0	0	0	0	0	0	0	0	0	0	0	52.64543	0	0	0
cg23462338	0	0	0	0	0	0	0	0	0	0	0	47.42708	0	0	0	0	0	0	50.29169	0	0
cg23502298	5316.93078	1993.90750	3280.45437	3719.32689	3942.52672	3320.60435	3502.99654	3874.83121	2163.53802	2963.70855	5303.38481	4221.01020	3528.50933	3290.58795	3505.04514	1699.38471	2636.85265	5053.96157	4174.21042	3837.29854	3158.15445
cg23638049	0	0	48.96201	0	0	0	0	0	0	0	0	47.42708	0	0	0	0	0	0	0	0	0
cg23692577	0	0	0	0	0	0	0	0	0	0	0	0	0	0	0	0	0	0	0	0	0
cg23789053	0	0	97.92401	0	87.61170	41.50755	0	0	0	0	0	47.42708	0	0	0	0	0	0	50.29169	0	0
cg23932104	0	0	48.96201	0	0	0	42.20478	0	0	0	0	0	0	0	0	0	52.73705	0	0	0	0
cg23949524	0	0	0	0	0	0	0	0	0	0	0	0	0	0	0	0	0	0	0	0	0
cg24085073	18244.37031	10578.78704	21934.97846	14831.94993	17828.98195	13282.41740	12534.81894	18845.76998	9863.18804	22311.69267	13882.38964	17500.59284	14216.31296	12242.92282	16622.41105	9434.51509	21358.50649	15214.53014	17602.09213	13588.55131	12681.96398
cg24119812	156.38032	55.38632	342.73404	226.78823	175.22341	0	84.40956	58.70956	0	279.59515	0	94.85416	51.13782	48.39100	53.10674	58.59947	52.73705	0	100.58338	45.14469	98.69233
cg24154779	0	0	0	0	0	0	0	0	0	0	0	0	0	0	0	0	0	0	0	0	49.34616
cg24159247	52.12677	0	244.81003	0	131.41756	0	0	58.70956	0	391.43320	0	47.42708	0	0	53.10674	0	263.68527	52.64543	100.58338	0	0
cg24226687	0	0	0	0	0	41.50755	0	0	0	0	51.99397	0	0	0	0	0	0	0	0	0	0
cg24242856	0	0	0	0	0	0	0	0	0	0	0	0	0	48.39100	0	0	0	0	0	0	0
cg24465367	0	166.15896	0	0	87.61170	0	0	58.70956	0	0	103.98794	0	153.41345	48.39100	0	234.39789	0	0	0	45.14469	98.69233
cg24602499	834.02836	110.77264	195.84802	589.64939	262.83511	498.09065	379.84300	293.54782	445.43430	279.59515	675.92159	331.98957	562.51598	145.17300	265.53372	117.19895	527.37053	368.51803	553.20861	451.44689	444.11547
cg24640561	0	0	0	0	43.80585	0	0	0	0	0	0	0	0	0	0	0	0	0	0	0	0
cg24675730	0	0	0	0	0	0	0	0	0	55.91903	0	0	0	0	0	0	0	0	0	0	0
cg24688946	104.25354	276.93160	146.88602	90.71529	175.22341	207.53777	84.40956	293.54782	127.26694	111.83806	0	189.70832	357.96471	193.56400	371.74721	175.79842	105.47411	105.29087	352.04184	180.57875	148.03849
cg24780796	0	0	0	0	0	0	0	0	0	0	0	0	0	0	0	0	0	0	0	0	0
cg24886414	0	0	0	0	0	0	0	0	0	0	0	0	0	0	0	0	0	0	0	0	0
cg25116900	156.38032	0	48.96201	0	175.22341	41.50755	126.61433	58.70956	0	0	0	94.85416	102.27563	48.39100	0	0	210.94821	52.64543	50.29169	135.43407	49.34616
cg25145905	0	0	48.96201	0	0	0	0	0	0	0	0	47.42708	0	48.39100	0	0	0	0	0	0	0
cg25254394	0	0	0	0	0	0	0	0	0	0	0	0	0	0	0	0	0	0	0	0	0
cg25255793	0	0	0	0	0	0	0	0	0	0	0	0	0	0	53.10674	0	52.73705	0	0	0	0
cg25422758	0	0	0	0	0	0	0	0	0	0	0	0	0	0	0	0	0	0	0	0	0
cg25633727	0	0	0	0	0	0	0	0	0	0	0	0	0	0	0	0	0	0	0	0	0
cg25773695	0	0	0	0	0	0	0	0	0	0	0	0	0	0	0	58.59947	0	0	0	0	0
cg25813965	0	0	0	0	43.80585	41.50755	0	0	0	0	0	0	0	0	0	0	0	0	0	0	0
cg26011136	3492.49374	6424.81307	7442.22483	4581.12215	3986.33257	2781.00614	2574.49143	3111.60688	7190.58225	6039.25516	4575.46925	3604.45815	2556.89082	2467.94096	3770.57886	7324.93408	5748.33878	4896.02527	3973.04365	2618.39195	3158.15445
cg26020069	0	0	48.96201	0	0	0	0	58.70956	0	55.91903	0	0	0	0	0	0	0	0	0	0	0
cg26156279	0	0	0	0	0	0	0	58.70956	0	0	0	0	0	0	0	0	0	0	0	0	0
cg26164712	0	0	0	0	0	0	0	0	0	55.91903	51.99397	0	0	0	0	0	0	0	0	0	0
cg26199493	156.38032	0	48.96201	0	175.22341	41.50755	126.61433	58.70956	0	0	0	94.85416	102.27563	48.39100	0	0	210.94821	52.64543	50.29169	135.43407	49.34616
cg26208507	0	0	0	0	0	0	0	0	0	0	0	0	0	0	0	0	0	0	0	0	0
cg26237810	104.25354	55.38632	489.62005	226.78823	87.61170	290.55288	126.61433	176.12869	0	335.51418	363.95778	331.98957	255.68908	48.39100	212.42698	0	421.89642	105.29087	301.75015	316.01282	197.38465
cg26273742	0	0	0	0	0	0	0	0	0	0	0	0	0	0	0	0	0	105.29087	0	0	49.34616
cg26391634	156.38032	0	97.92401	0	0	41.50755	0	0	0	167.75709	0	47.42708	0	0	53.10674	0	0	0	0	45.14469	0
cg26516995	0	0	0	0	0	41.50755	0	0	0	0	0	0	0	0	0	0	0	0	0	0	0
cg26541587	2971.22602	0	2986.68233	1133.94113	3504.46820	1701.80973	801.89077	2172.25386	254.53388	4529.44137	675.92159	3367.32274	2659.16645	1064.60198	3133.29793	58.59947	3902.54193	842.32693	4274.79380	2031.51099	1480.38490
cg26567163	104.25354	0	0	0	175.22341	41.50755	253.22867	58.70956	0	55.91903	51.99397	47.42708	255.68908	96.78200	53.10674	0	158.21116	52.64543	201.16677	180.57875	0
cg26625211	0	0	0	0	0	0	0	0	0	0	0	0	0	0	0	0	0	0	0	0	0
cg26804299	156.38032	55.38632	0	45.35765	0	124.52266	84.40956	0	0	0	0	0	102.27563	145.17300	106.21349	58.59947	263.68527	0	50.29169	45.14469	148.03849
cg26856631	312.76063	166.15896	685.46808	544.29174	657.08779	207.53777	295.43344	410.96695	0	894.70447	311.96381	379.41665	613.65380	241.95500	477.96070	175.79842	738.31874	473.80890	653.79199	316.01282	197.38465
cg26963795	0	0	0	0	0	0	0	0	0	0	0	0	0	0	0	0	0	0	0	0	0
cg27032787	104.25354	0	97.92401	0	43.80585	41.50755	168.81911	58.70956	63.63347	55.91903	51.99397	94.85416	102.27563	145.17300	106.21349	0	105.47411	52.64543	50.29169	135.43407	98.69233
cg27047353	0	0	0	0	0	0	0	0	0	0	0	0	0	0	0	0	0	0	0	0	0
cg27123273	0	0	0	0	0	0	0	0	0	0	0	0	0	0	0	0	52.73705	0	0	0	0
cg27202073	0	0	0	0	0	0	0	0	0	0	0	0	0	0	0	0	0	0	0	0	0
cg27209741	0	0	0	0	0	0	0	0	0	0	0	0	0	0	0	0	52.73705	0	0	0	0
cg27245185	0	0	0	0	0	0	0	58.70956	0	0	51.99397	0	0	0	0	0	0	0	0	0	0
cg27276906	0	0	0	0	0	0	0	0	0	0	0	0	0	0	0	0	0	0	0	0	0
cg27289137	0	0	0	0	0	0	0	0	0	0	0	0	0	0	0	58.59947	0	0	0	0	0
cg27326481	52.12677	0	685.46808	45.35765	438.05852	83.01511	126.61433	58.70956	0	671.02835	0	379.41665	51.13782	48.39100	106.21349	0	316.42232	0	553.20861	45.14469	49.34616
cg27342910	469.14095	0	293.77203	181.43058	175.22341	290.55288	126.61433	176.12869	63.63347	391.43320	415.95175	237.13540	204.55127	241.95500	0	0	421.89642	210.58173	402.33353	270.86813	394.76931
cg27406433	0	0	0	0	43.80585	41.50755	42.20478	58.70956	0	0	0	0	0	48.39100	0	0	0	0	100.58338	0	0
cg27505743	156.38032	55.38632	195.84802	0	262.83511	41.50755	0	234.83826	0	167.75709	0	331.98957	51.13782	0	53.10674	0	210.94821	157.93630	201.16677	45.14469	0
cg27590090	0	0	0	0	87.61170	0	0	0	0	223.67612	0	0	0	48.39100	0	0	52.73705	0	0	45.14469	0
cg27635976	52.12677	0	48.96201	0	0	41.50755	168.81911	0	0	55.91903	0	94.85416	102.27563	0	0	0	263.68527	52.64543	50.29169	45.14469	49.34616
cg27650500	52.12677	0	0	0	0	0	0	0	0	0	0	0	0	0	0	0	0	0	50.29169	0	0
ch.1.173201084F	0	0	0	0	0	41.50755	42.20478	58.70956	0	55.91903	0	0	0	48.39100	0	0	105.47411	0	0	0	0
ch.1.48110560R	0	0	0	0	0	0	0	0	0	0	0	0	0	0	0	0	0	0	0	0	0
ch.10.1361226R	156.38032	55.38632	0	0	131.41756	41.50755	42.20478	58.70956	63.63347	0	0	47.42708	0	0	0	0	0	0	0	45.14469	0
ch.11.167001F	0	55.38632	0	0	0	0	42.20478	0	0	55.91903	0	47.42708	0	0	0	0	0	0	0	45.14469	0
ch.15.1497565F	469.14095	0	1126.12613	226.78823	1051.34046	664.12087	84.40956	880.64346	63.63347	503.27126	155.98191	616.55205	306.82690	145.17300	902.81466	234.39789	1002.00401	105.29087	553.20861	541.73626	98.69233
ch.15.406975R	0	0	0	0	0	0	0	0	0	0	0	0	0	0	0	0	0	0	0	0	0
ch.17.49517645R	0	0	0	0	0	0	0	0	0	0	0	0	0	0	0	0	0	0	0	0	0
ch.2.4469412F	0	0	0	0	43.80585	41.50755	84.40956	0	0	55.91903	51.99397	47.42708	153.41345	48.39100	0	0	0	52.64543	100.58338	225.72344	98.69233
ch.20.46106799F	0	0	0	0	0	0	0	0	0	0	0	0	0	0	0	0	0	0	0	0	0
ch.21.228978R	0	0	0	0	0	0	0	0	0	0	0	0	0	0	0	0	0	0	0	0	0
ch.21.27853252F	52.12677	0	0	0	43.80585	83.01511	42.20478	0	0	0	0	0	0	0	0	0	0	0	50.29169	0	49.34616
ch.21.43554353R	52.12677	0	97.92401	0	0	0	0	0	0	111.83806	0	47.42708	0	0	53.10674	0	158.21116	0	50.29169	0	0
ch.22.78028F	321622.18515	503738.57657	214061.88797	432757.29124	373444.89224	458035.86253	461467.03807	307168.43774	486096.08654	231001.50981	374252.58670	387194.68817	433750.95883	455504.47617	325756.77111	503486.66862	209471.57473	384048.43380	336552.00161	441560.20044	443868.73921
ch.3.24643237R	105452.46038	8307.94794	67371.71955	24674.55890	95671.98178	61638.71825	45961.00279	104033.34703	9417.75374	73142.09025	28700.67072	93715.91179	65507.54283	46600.53230	104036.11259	7559.33197	69929.33235	28165.30666	102745.92637	65550.08803	47471.00913
ch.4.134822993R	0	0	0	0	0	41.50755	0	0	0	0	51.99397	0	0	0	0	0	0	105.29087	0	0	0
ch.4.3207570F	52.12677	110.77264	146.88602	0	87.61170	83.01511	42.20478	117.41913	63.63347	223.67612	0	94.85416	0	48.39100	53.10674	0	105.47411	0	100.58338	0	0
ch.6.106373286R	0	0	0	45.35765	0	0	0	0	0	0	0	0	0	0	0	0	0	0	0	0	0
ch.6.2322015F	0	0	0	0	43.80585	0	0	0	0	0	0	0	0	0	0	0	0	0	0	0	0
ch.6.2988932R	0	0	0	45.35765	0	41.50755	42.20478	0	0	0	0	0	51.13782	0	0	0	0	0	50.29169	45.14469	49.34616
ch.6.44639052F	260.63386	110.77264	489.62005	45.35765	175.22341	124.52266	84.40956	176.12869	63.63347	279.59515	103.98794	237.13540	102.27563	96.78200	212.42698	117.19895	369.15937	0	201.16677	0	49.34616
ch.7.1264585R	0	0	0	0	0	0	0	0	0	0	0	0	0	0	0	0	0	0	0	0	0
ch.7.2011899F	104.25354	0	244.81003	45.35765	87.61170	41.50755	168.81911	0	63.63347	391.43320	103.98794	94.85416	0	0	106.21349	0	158.21116	105.29087	251.45846	135.43407	98.69233
ch.8.1820050F	0	0	0	0	0	0	0	0	0	0	0	0	0	0	0	0	0	0	0	0	0
ch.8.52143256F	312.76063	0	391.69604	90.71529	306.64097	83.01511	295.43344	293.54782	63.63347	391.43320	155.98191	189.70832	357.96471	290.34600	424.85396	58.59947	263.68527	315.87260	301.75015	225.72344	345.42314
ch.8.54126760R	52.12677	0	244.81003	45.35765	394.25267	83.01511	42.20478	0	0	279.59515	0	521.69789	102.27563	145.17300	318.64047	0	263.68527	0	352.04184	45.14469	98.69233
ch.9.83519450F	0	0	48.96201	45.35765	0	0	0	0	0	0	0	0	0	0	0	0	0	52.64543	0	0	0
