prmtrID	iPS_DE_66h_rep1	iPS_DE_00h_rep1	iPS_DE_96h_rep1	iPS_DE_48h_rep1	iPS_DE_72h_rep1	iPS_DE_60h_rep1	iPS_DE_54h_rep1	iPS_DE_66h_rep2	iPS_DE_00h_rep2	iPS_DE_96h_rep2	iPS_DE_48h_rep2	iPS_DE_72h_rep2	iPS_DE_60h_rep2	iPS_DE_54h_rep2	iPS_DE_66h_rep3	iPS_DE_00h_rep3	iPS_DE_96h_rep3	iPS_DE_48h_rep3	iPS_DE_72h_rep3	iPS_DE_60h_rep3	iPS_DE_54h_rep3
cg00025439	28.08910	20.25891	79.30591	14.96961	12.84291	37.31575	0	0	42.08400	90.73093	0	13.87501	0	0	14.11034	0	16.53002	32.73751	28.87378	0	0
cg00075488	0	0	15.86118	0	12.84291	0	0	0	0	18.14619	0	0	0	0	0	0	0	0	0	0	0
cg00085790	14.04455	0	0	0	12.84291	12.43858	0	0	0	0	0	0	0	0	0	0	0	0	0	0	31.98414
cg00120932	0	0	0	0	25.68581	0	0	0	0	0	15.91191	0	15.52458	0	0	0	0	0	0	0	0
cg00121339	0	0	15.86118	0	0	0	0	0	0	0	0	0	0	0	0	0	0	0	0	0	0
cg00161124	0	0	0	0	0	0	0	0	0	0	0	0	0	0	0	0	0	0	0	0	0
cg00168225	0	0	0	0	0	0	0	0	0	0	0	0	0	0	0	0	0	0	0	0	0
cg00232292	1811.74686	121.55345	7407.17243	329.33146	2170.45104	895.57808	604.48934	1345.66863	63.12600	6841.11200	461.44544	2220.00222	1304.06433	614.97706	1538.02737	162.91952	6314.46707	360.11262	2512.01871	1104.38662	511.74617
cg00236922	0	0	0	0	12.84291	0	0	0	0	0	0	0	0	0	0	0	0	0	0	0	0
cg00253379	154.49004	0	95.16710	0	115.58615	37.31575	80.59858	122.33351	0	90.73093	0	152.62515	62.09830	47.30593	169.32411	0	115.71013	0	115.49511	88.35093	0
cg00266865	379.20283	344.40145	1126.14399	2290.35059	436.65879	733.87648	1303.01036	336.41716	210.42000	1742.03382	3293.76571	333.00033	838.32707	1371.87190	507.97234	183.28446	1471.17165	2619.00085	332.04845	839.33383	1327.34164
cg00276145	0	0	0	0	0	0	0	0	0	0	0	0	0	0	0	0	0	0	0	0	0
cg00282674	0	0	15.86118	14.96961	0	0	0	0	0	0	0	27.75003	0	0	0	20.36494	16.53002	0	43.31067	0	0
cg00317754	0	0	0	0	0	0	0	0	0	0	0	0	0	0	0	0	0	0	0	0	0
cg00324097	0	0	0	0	0	0	0	0	0	0	0	0	0	0	0	0	0	0	0	0	0
cg00359967	0	0	0	0	0	0	13.43310	0	0	0	15.91191	0	0	0	0	0	0	0	0	0	0
cg00442066	0	0	0	0	0	0	0	0	0	0	15.91191	0	0	0	0	0	0	0	0	0	15.99207
cg00452011	0	0	0	0	12.84291	0	0	0	0	0	0	0	0	0	0	0	0	0	0	0	15.99207
cg00489394	224.71279	40.51782	301.36248	119.75689	179.80068	74.63151	134.33096	137.62520	0	199.60804	47.73573	208.12521	139.72118	126.14914	169.32411	20.36494	347.13039	32.73751	115.49511	206.15217	95.95241
cg00509207	14.04455	0	31.72237	0	12.84291	0	0	15.29169	0	0	15.91191	13.87501	15.52458	0	0	20.36494	33.06004	0	28.87378	14.72515	15.99207
cg00522288	14.04455	0	15.86118	0	0	0	0	0	0	0	0	0	15.52458	0	0	0	0	0	0	0	0
cg00578334	0	0	47.58355	0	0	0	0	0	0	18.14619	0	0	15.52458	0	14.11034	0	0	0	0	0	0
cg00581844	0	0	0	0	12.84291	0	0	0	0	0	0	0	0	0	0	0	0	0	0	0	0
cg00620234	42.13365	0	63.44473	0	25.68581	37.31575	26.86619	30.58338	0	36.29237	15.91191	69.37507	0	31.53728	28.22069	0	82.65009	16.36876	57.74756	29.45031	0
cg00646731	56.17820	81.03564	31.72237	119.75689	38.52872	12.43858	13.43310	0	105.21000	72.58474	79.55956	27.75003	0	141.91778	56.44137	101.82470	33.06004	49.10627	43.31067	44.17546	31.98414
cg00666109	0	0	15.86118	44.90884	0	12.43858	0	0	0	0	0	0	15.52458	0	0	0	49.59006	0	28.87378	0	15.99207
cg00729291	0	0	0	0	0	0	0	0	0	0	0	0	0	0	0	0	0	0	0	0	0
cg00807990	0	0	0	0	0	0	0	0	0	18.14619	0	13.87501	15.52458	0	14.11034	0	0	0	14.43689	0	0
cg00867540	0	0	0	0	0	0	0	0	0	0	0	0	0	0	0	0	0	0	0	14.72515	0
cg00954604	0	20.25891	0	0	0	24.87717	0	0	0	0	0	0	0	0	0	0	0	0	28.87378	0	0
cg00966672	0	0	0	0	0	0	0	0	0	0	0	0	0	0	0	0	0	0	0	0	0
cg00982487	0	0	0	0	0	0	0	0	0	0	0	0	0	0	0	0	0	0	0	0	0
cg00983185	0	20.25891	0	0	0	0	13.43310	0	0	0	0	0	0	0	0	0	0	0	0	0	15.99207
cg01018110	0	0	0	0	12.84291	24.87717	0	0	0	0	0	0	15.52458	31.53728	0	0	0	0	14.43689	0	0
cg01055518	0	0	0	0	0	12.43858	0	0	0	18.14619	0	0	0	0	14.11034	20.36494	0	0	0	0	0
cg01169085	56.17820	60.77673	47.58355	29.93922	89.90034	37.31575	13.43310	107.04182	21.04200	108.87711	63.64765	97.12510	31.04915	15.76864	56.44137	0	49.59006	65.47502	86.62133	29.45031	79.96034
cg01223512	0	0	0	0	0	0	0	0	21.04200	0	0	0	0	15.76864	0	0	0	16.36876	0	29.45031	0
cg01246435	0	0	0	0	0	12.43858	0	0	0	0	0	0	15.52458	0	0	0	0	0	0	0	0
cg01258042	0	0	0	0	0	0	0	0	0	0	0	0	0	0	0	0	0	0	0	0	0
cg01303141	0	0	0	0	0	0	0	0	0	0	0	0	0	0	0	0	0	0	0	0	0
cg01338955	0	0	0	0	0	0	0	0	0	0	0	0	0	0	0	0	0	0	0	0	0
cg01349903	0	0	0	0	0	0	0	0	0	0	0	0	0	0	0	0	16.53002	0	0	0	0
cg01360989	0	0	0	14.96961	25.68581	0	13.43310	0	0	18.14619	0	0	0	0	0	20.36494	16.53002	16.36876	0	14.72515	0
cg01429387	0	0	15.86118	29.93922	0	12.43858	13.43310	15.29169	0	0	0	0	15.52458	0	0	0	0	0	14.43689	29.45031	0
cg01463294	0	0	0	0	0	0	0	0	0	0	0	0	0	0	0	0	0	0	0	0	0
cg01475742	0	0	0	0	12.84291	0	0	0	0	0	0	0	0	0	14.11034	0	0	16.36876	0	0	0
cg01581807	0	0	0	0	0	0	0	0	21.04200	0	15.91191	13.87501	0	0	0	0	0	0	0	0	0
cg01588464	2696.55347	1438.38253	3108.79185	1736.47496	2029.17908	2052.36644	1786.60183	2064.37801	1136.26799	1760.18001	1336.60058	2164.50216	2235.53886	1813.39388	1890.78595	1058.97687	2181.96244	1620.50678	2151.09648	2238.22356	2318.84985
cg01637090	224.71279	81.03564	333.08484	29.93922	192.64358	99.50868	120.89787	152.91689	63.12600	326.63134	31.82382	222.00022	108.67203	94.61185	126.99309	61.09482	247.95028	98.21253	230.99023	58.90062	127.93654
cg01656087	0	0	0	0	0	0	0	0	0	0	0	0	0	0	0	0	0	0	0	0	0
cg01680303	14.04455	0	15.86118	0	0	0	0	0	0	0	15.91191	13.87501	0	15.76864	0	0	0	0	0	0	0
cg01695255	0	0	0	0	0	0	0	0	21.04200	0	0	0	0	0	0	0	16.53002	0	0	0	0
cg01701630	0	0	0	0	0	0	0	0	0	0	0	0	0	0	0	0	0	0	0	0	0
cg01722003	0	0	0	0	0	0	0	0	0	0	0	0	0	0	0	0	0	0	0	0	0
cg01777332	0	0	15.86118	0	0	0	0	0	0	0	0	0	0	0	0	0	0	0	0	0	0
cg01862457	0	0	0	0	12.84291	0	0	0	0	0	0	0	0	0	0	0	0	0	0	0	0
cg01879056	0	20.25891	63.44473	0	0	24.87717	0	0	0	54.43856	0	13.87501	0	0	14.11034	20.36494	115.71013	0	14.43689	0	0
cg01952185	0	0	0	0	0	0	0	0	0	0	0	0	0	0	0	0	0	0	0	0	0
cg01952553	84.26730	0	602.72495	14.96961	154.11487	49.75434	26.86619	122.33351	0	362.92371	0	235.87524	46.57373	31.53728	126.99309	40.72988	562.02063	16.36876	230.99023	14.72515	47.97620
cg01962601	0	0	0	0	0	0	0	0	0	0	0	0	0	0	0	20.36494	0	0	0	0	0
cg02003167	0	0	0	0	0	0	0	0	0	0	0	0	0	0	0	0	0	0	0	0	0
cg02024241	0	0	0	0	12.84291	0	0	0	0	18.14619	0	13.87501	0	0	0	0	0	16.36876	14.43689	0	0
cg02080811	28.08910	0	111.02828	0	102.74324	62.19292	40.29929	76.45844	0	181.46186	0	83.25008	62.09830	15.76864	84.66206	0	214.89024	32.73751	14.43689	73.62577	0
cg02110991	0	0	0	0	12.84291	0	0	0	0	18.14619	0	0	0	0	0	0	16.53002	0	0	0	0
cg02124892	56.17820	0	0	224.54418	12.84291	37.31575	120.89787	45.87507	0	36.29237	175.03103	27.75003	46.57373	252.29828	42.33103	0	16.53002	376.48137	57.74756	44.17546	271.86515
cg02144647	0	0	0	0	0	0	0	0	0	0	0	0	0	0	0	0	0	0	0	0	0
cg02155957	0	0	0	0	0	0	0	0	0	0	0	0	0	0	0	0	0	0	14.43689	0	0
cg02177811	0	0	0	0	0	0	0	0	0	0	0	0	0	15.76864	14.11034	0	16.53002	0	0	0	0
cg02217731	0	0	0	0	0	0	0	0	0	0	0	0	0	0	0	0	0	0	0	0	0
cg02239163	70.22275	0	15.86118	29.93922	12.84291	37.31575	40.29929	45.87507	0	36.29237	0	13.87501	31.04915	15.76864	70.55171	20.36494	16.53002	0	28.87378	0	31.98414
cg02271863	0	0	0	0	0	0	0	0	0	0	0	0	0	0	0	0	0	0	0	0	0
cg02317251	599238.78543	737444.54124	600964.35992	693796.59292	609485.77006	575048.19951	667033.83797	571740.95879	754502.98796	607788.34289	687585.52653	644882.89488	578694.07272	666367.06246	583787.21603	756537.14565	611941.28537	685687.16035	589920.16400	581790.87335	647662.75927
cg02326100	0	0	0	0	0	0	0	0	0	0	0	0	0	0	0	0	0	0	0	0	0
cg02439789	14.04455	0	0	0	12.84291	0	13.43310	0	0	0	0	0	0	0	0	0	0	0	0	0	0
cg02444508	0	0	0	0	0	0	0	0	0	0	0	13.87501	0	0	0	0	16.53002	0	0	0	0
cg02503609	0	0	0	0	0	0	0	0	0	0	0	0	0	0	0	0	0	0	0	0	0
cg02531059	393.24738	20.25891	444.11312	44.90884	244.01521	286.08744	147.76406	198.79196	0	344.77753	79.55956	291.37529	201.81948	47.30593	211.65514	0	413.25046	65.47502	317.61156	161.97670	79.96034
cg02534167	0	0	0	0	0	0	13.43310	0	0	0	15.91191	0	0	0	0	0	16.53002	0	14.43689	0	0
cg02550627	0	0	0	0	0	0	0	0	0	0	0	0	0	0	0	0	0	0	0	0	0
cg02628405	4143.14205	5510.42321	6534.80737	5044.75914	4957.36155	3632.06667	4097.09442	4862.75709	5197.37396	6024.53364	4328.03997	4356.75436	3958.76673	4084.07840	4924.50967	4806.12577	6628.53742	5188.89544	5168.40631	3534.03720	4621.70763
cg02632323	42.13365	0	79.30591	14.96961	38.52872	12.43858	26.86619	76.45844	21.04200	36.29237	15.91191	83.25008	77.62288	63.07457	42.33103	0	198.36022	16.36876	28.87378	44.17546	0
cg02642962	0	0	0	14.96961	0	0	0	0	21.04200	0	0	27.75003	0	0	0	0	0	0	14.43689	0	0
cg02650754	0	0	31.72237	0	0	0	0	0	0	36.29237	0	13.87501	15.52458	0	0	0	0	0	0	0	0
cg02727723	0	0	0	14.96961	0	12.43858	0	15.29169	0	18.14619	0	0	0	0	0	0	0	0	0	0	0
cg02804240	0	0	0	0	0	0	0	0	0	18.14619	0	0	0	0	0	0	16.53002	0	0	0	0
cg02828785	14.04455	0	0	0	0	12.43858	0	15.29169	0	0	0	13.87501	0	0	0	0	0	0	0	0	15.99207
cg02863987	56.17820	0	0	14.96961	38.52872	62.19292	13.43310	30.58338	0	36.29237	47.73573	69.37507	46.57373	31.53728	28.22069	0	115.71013	49.10627	86.62133	44.17546	31.98414
cg02888745	0	0	31.72237	0	0	0	0	0	0	54.43856	0	0	0	0	14.11034	0	0	0	0	0	0
cg02916435	0	0	0	0	0	0	0	0	0	0	0	13.87501	0	0	0	0	0	0	0	0	0
cg02937282	140.44549	202.58909	142.75065	149.69612	218.32939	199.01735	161.19716	137.62520	126.25200	217.75423	175.03103	55.50006	248.39321	78.84321	70.55171	162.91952	115.71013	114.58129	187.67956	117.80124	111.94448
cg02951880	0	20.25891	0	0	0	0	0	0	42.08400	18.14619	0	0	0	0	14.11034	0	0	0	0	0	0
cg03005087	0	0	15.86118	0	0	0	0	0	0	0	0	0	0	0	0	0	0	0	0	0	0
cg03014004	0	20.25891	0	44.90884	25.68581	24.87717	0	30.58338	0	18.14619	31.82382	13.87501	0	31.53728	0	0	0	0	0	0	0
cg03180953	8848.06607	8326.41154	14037.14689	9520.67303	9144.14877	7973.13266	8019.55859	7768.17800	8059.08594	11395.80460	9403.93979	8616.38362	7777.81228	8120.85088	8437.98504	7473.93288	12033.85348	8593.59654	8792.06549	8849.81814	9451.31215
cg03240117	0	0	0	0	0	0	0	0	0	0	0	0	0	0	0	0	0	16.36876	0	0	0
cg03278730	238.75734	182.33018	31.72237	29.93922	205.48649	335.84178	174.63025	229.37533	42.08400	235.90041	47.73573	305.25031	294.96693	236.52964	366.86891	142.55458	165.30019	114.58129	144.36889	191.42701	79.96034
cg03280966	0	0	0	0	0	12.43858	0	0	0	0	0	0	0	0	0	0	0	16.36876	0	0	0
cg03365252	14.04455	0	31.72237	0	0	0	0	0	0	36.29237	0	27.75003	0	0	14.11034	0	49.59006	0	14.43689	0	0
cg03396765	0	0	0	0	0	0	0	0	0	0	0	13.87501	0	0	0	0	0	0	0	14.72515	0
cg03438024	266.84644	222.84800	333.08484	269.45301	192.64358	87.07009	174.63025	91.75013	189.37800	362.92371	127.29529	69.37507	170.77033	220.76099	70.55171	162.91952	247.95028	98.21253	202.11645	176.70186	159.92068
cg03447846	0	0	31.72237	0	0	0	0	0	0	18.14619	0	13.87501	0	0	14.11034	20.36494	0	0	0	0	0
cg03463612	0	0	0	0	0	0	0	0	0	0	0	0	0	0	0	0	0	0	0	0	0
cg03497845	0	0	15.86118	0	0	12.43858	0	0	0	18.14619	0	13.87501	0	0	14.11034	0	33.06004	0	0	0	0
cg03550352	84.26730	20.25891	380.66839	164.66573	64.21453	37.31575	13.43310	45.87507	21.04200	417.36227	79.55956	83.25008	62.09830	63.07457	70.55171	40.72988	347.13039	147.31880	57.74756	44.17546	15.99207
cg03581822	14.04455	20.25891	31.72237	0	12.84291	12.43858	0	15.29169	21.04200	0	31.82382	41.62504	0	0	0	0	16.53002	0	0	0	31.98414
cg03588583	0	40.51782	15.86118	0	0	24.87717	0	0	21.04200	0	15.91191	41.62504	0	15.76864	14.11034	20.36494	0	32.73751	0	14.72515	15.99207
cg03620269	0	0	0	0	0	24.87717	13.43310	15.29169	21.04200	0	15.91191	13.87501	15.52458	15.76864	14.11034	0	16.53002	16.36876	14.43689	0	15.99207
cg03624321	0	0	15.86118	0	0	12.43858	0	0	0	0	31.82382	0	31.04915	15.76864	0	0	0	0	14.43689	14.72515	15.99207
cg03637670	0	0	0	0	0	0	0	0	0	0	0	0	0	0	0	0	0	0	0	0	0
cg03641570	0	0	0	0	0	0	0	0	0	0	0	0	0	0	0	0	0	0	0	0	0
cg03653158	0	0	0	0	0	0	0	0	0	0	0	0	0	0	0	0	0	0	0	0	0
cg03659281	0	0	15.86118	0	38.52872	0	0	15.29169	0	0	0	27.75003	0	15.76864	0	0	16.53002	0	14.43689	0	15.99207
cg03702171	0	0	0	0	0	0	0	0	0	0	0	0	0	0	0	0	0	0	0	0	0
cg03706456	0	0	0	0	0	0	0	0	0	0	0	0	0	0	0	0	0	0	0	0	0
cg03727673	0	0	15.86118	0	0	0	0	0	0	18.14619	0	0	0	0	0	0	16.53002	0	28.87378	0	0
cg03742724	0	0	0	0	0	0	13.43310	0	0	0	0	0	0	15.76864	0	0	0	0	0	0	0
cg03762864	0	0	0	0	0	0	0	0	0	0	0	0	0	0	0	0	0	0	0	0	0
cg03771986	0	0	0	0	0	0	0	0	0	0	0	0	0	0	0	0	0	0	0	0	0
cg03781098	0	0	15.86118	0	25.68581	0	0	0	0	18.14619	15.91191	0	0	0	0	0	16.53002	0	14.43689	0	0
cg03800281	0	0	0	0	0	0	0	0	0	18.14619	0	0	0	0	0	0	0	0	0	0	0
cg03823686	2710.59802	4740.58467	2109.53733	2949.01350	2851.12504	2226.50662	2404.52427	2569.00375	4713.40796	2159.39609	3246.02998	3191.25319	2608.12867	2664.90058	2638.63412	4297.00228	2033.19228	2913.63845	2454.27115	3298.43472	2430.79433
cg03877058	0	0	0	0	0	0	0	0	0	0	0	0	0	0	0	0	0	0	0	0	0
cg03904368	0	0	0	0	0	0	0	0	0	0	0	0	0	0	0	0	0	0	0	0	0
cg03909486	224.71279	0	47.58355	104.78728	128.42906	248.77169	174.63025	305.83378	21.04200	36.29237	175.03103	180.37518	232.86863	220.76099	197.54480	0	132.24015	65.47502	86.62133	176.70186	319.84136
cg03995533	0	20.25891	15.86118	59.87845	12.84291	37.31575	40.29929	30.58338	42.08400	0	63.64765	0	31.04915	0	14.11034	20.36494	16.53002	147.31880	14.43689	0	15.99207
cg04012535	0	0	0	0	0	0	0	0	0	0	15.91191	0	0	15.76864	0	0	0	0	0	0	0
cg04058149	28.08910	0	15.86118	0	0	24.87717	13.43310	0	0	18.14619	0	13.87501	15.52458	0	28.22069	0	49.59006	16.36876	57.74756	0	15.99207
cg04065352	0	0	0	0	0	0	0	0	21.04200	0	0	0	0	15.76864	0	0	0	0	0	0	0
cg04086018	0	0	0	0	0	12.43858	0	0	0	0	0	13.87501	15.52458	0	0	0	0	0	0	0	0
cg04106862	0	0	0	0	0	0	0	0	0	0	0	0	0	0	0	0	0	0	0	0	0
cg04163916	56.17820	0	15.86118	14.96961	38.52872	12.43858	26.86619	30.58338	0	18.14619	0	13.87501	15.52458	0	0	0	0	0	0	0	0
cg04218566	0	0	0	0	0	12.43858	13.43310	0	0	0	0	0	0	0	14.11034	0	16.53002	0	14.43689	0	15.99207
cg04223044	0	0	0	0	0	0	0	0	0	0	0	0	0	0	0	0	0	0	0	0	0
cg04249873	0	0	0	0	0	0	0	0	0	0	0	0	0	0	0	0	0	0	0	0	0
cg04252942	0	0	15.86118	29.93922	0	12.43858	13.43310	15.29169	0	0	0	0	15.52458	0	0	0	0	0	14.43689	29.45031	0
cg04272694	252.80189	0	95.16710	104.78728	166.95777	149.26301	53.73239	122.33351	21.04200	272.19279	159.11912	111.00011	155.24575	110.38050	155.21377	0	181.83020	114.58129	158.80578	147.25155	143.92861
cg04273306	0	0	31.72237	0	0	0	0	15.29169	0	0	0	0	0	0	0	0	0	0	0	0	0
cg04277784	0	0	0	0	0	0	0	15.29169	42.08400	0	15.91191	0	0	0	28.22069	0	0	0	0	0	0
cg04295786	0	0	0	0	0	0	0	0	0	0	0	0	0	0	0	0	0	0	0	0	0
cg04316106	0	0	0	0	0	0	0	0	0	0	0	0	0	0	0	0	0	0	0	0	0
cg04320635	14.04455	40.51782	47.58355	0	25.68581	24.87717	0	30.58338	63.12600	18.14619	47.73573	27.75003	0	0	0	20.36494	33.06004	0	14.43689	29.45031	0
cg04328472	0	0	0	0	0	0	0	15.29169	0	0	0	0	0	0	14.11034	20.36494	0	0	0	14.72515	0
cg04352088	0	0	0	0	12.84291	0	0	0	0	0	0	0	0	0	0	0	0	0	0	0	0
cg04424885	0	40.51782	15.86118	0	0	0	13.43310	0	21.04200	18.14619	0	27.75003	15.52458	15.76864	0	40.72988	0	32.73751	28.87378	14.72515	15.99207
cg04459939	0	0	0	0	12.84291	0	0	0	0	18.14619	0	27.75003	0	15.76864	0	0	0	0	0	0	0
cg04497520	14.04455	101.29454	174.47301	59.87845	102.74324	49.75434	0	30.58338	0	108.87711	63.64765	41.62504	15.52458	15.76864	56.44137	20.36494	214.89024	0	129.93200	0	15.99207
cg04562404	0	0	0	0	0	0	0	0	0	0	0	0	0	0	0	0	0	0	0	0	0
cg04588745	1278.05399	1235.79344	2093.67615	1167.62971	1592.52029	1206.54270	1195.54559	1666.79410	1388.77199	1578.71815	1129.74573	1332.00133	1117.76943	1371.87190	1425.14463	1221.89638	1619.94181	1096.70661	1631.36847	1251.63817	1151.42889
cg04595658	0	0	0	0	0	0	0	0	0	0	0	0	0	15.76864	0	0	0	0	0	0	0
cg04610274	0	0	15.86118	0	0	0	0	0	0	72.58474	0	0	0	0	0	0	0	0	0	0	0
cg04625873	14.04455	0	31.72237	14.96961	25.68581	24.87717	13.43310	30.58338	0	0	0	0	15.52458	15.76864	0	0	33.06004	0	28.87378	0	15.99207
cg04651370	0	0	0	0	0	0	0	0	0	0	0	0	0	0	0	0	0	0	0	0	0
cg04681731	28.08910	0	95.16710	0	89.90034	12.43858	13.43310	15.29169	0	127.02330	0	55.50006	15.52458	0	14.11034	0	82.65009	0	57.74756	44.17546	0
cg04696980	0	20.25891	31.72237	0	0	0	0	0	42.08400	127.02330	15.91191	13.87501	15.52458	0	0	0	99.18011	0	0	0	0
cg04705080	0	0	0	0	0	0	0	0	0	0	0	0	0	0	0	0	0	0	0	0	15.99207
cg04719926	28.08910	20.25891	0	29.93922	12.84291	0	13.43310	0	42.08400	18.14619	0	13.87501	31.04915	0	56.44137	20.36494	16.53002	16.36876	14.43689	0	0
cg04761012	0	0	15.86118	14.96961	0	12.43858	0	0	0	36.29237	0	0	0	15.76864	14.11034	0	16.53002	16.36876	0	14.72515	31.98414
cg04811682	0	0	0	0	0	0	0	0	0	0	0	0	0	0	0	0	0	0	0	0	0
cg04845520	0	0	0	0	0	12.43858	13.43310	15.29169	0	18.14619	0	0	0	0	0	0	0	0	0	14.72515	0
cg04854372	28.08910	0	47.58355	0	51.37162	12.43858	13.43310	30.58338	21.04200	54.43856	0	41.62504	31.04915	0	14.11034	0	0	0	28.87378	14.72515	0
cg04856872	0	0	0	0	0	0	0	0	0	0	0	0	0	0	0	0	0	0	0	0	0
cg04903159	42.13365	0	15.86118	0	38.52872	24.87717	13.43310	0	0	36.29237	15.91191	41.62504	46.57373	31.53728	14.11034	0	0	16.36876	72.18445	29.45031	15.99207
cg04904323	238.75734	0	47.58355	104.78728	128.42906	248.77169	161.19716	305.83378	21.04200	36.29237	175.03103	180.37518	232.86863	236.52964	197.54480	0	132.24015	65.47502	86.62133	176.70186	319.84136
cg04944545	0	0	0	0	0	0	0	0	0	0	0	0	0	0	0	0	0	0	0	0	0
cg05037877	0	0	0	0	0	0	0	0	0	0	0	0	0	0	0	0	0	0	0	0	0
cg05083647	0	0	0	0	0	0	0	0	0	0	0	0	0	0	0	0	0	0	0	0	0
cg05115450	0	0	0	14.96961	0	0	13.43310	15.29169	0	0	0	0	0	0	14.11034	0	16.53002	0	0	14.72515	0
cg05116938	14.04455	20.25891	15.86118	0	0	12.43858	0	0	21.04200	18.14619	0	0	15.52458	0	0	0	0	0	0	14.72515	0
cg05126055	0	20.25891	15.86118	14.96961	0	0	0	30.58338	0	18.14619	0	0	0	0	0	0	0	0	0	0	0
cg05145731	0	0	0	0	0	0	0	0	0	0	0	0	0	0	0	0	0	0	0	0	0
cg05194248	0	0	0	0	0	0	0	0	0	0	0	0	0	0	0	0	0	0	0	0	0
cg05215063	3749.89467	384.91927	31262.39155	164.66573	6472.82441	1816.03334	523.89076	3318.29651	315.63000	36546.41794	302.32632	5966.25597	1645.60499	504.59656	2836.17892	427.66373	36316.45067	245.53133	5991.30899	2238.22356	511.74617
cg05218995	0	0	0	0	0	0	0	0	0	0	0	0	0	0	0	0	0	16.36876	0	0	0
cg05253267	56.17820	162.07127	47.58355	59.87845	192.64358	99.50868	67.16548	91.75013	147.29400	145.16949	175.03103	152.62515	108.67203	94.61185	14.11034	142.55458	99.18011	65.47502	158.80578	147.25155	47.97620
cg05283119	0	0	0	0	0	0	0	0	0	0	0	0	0	0	0	0	0	0	0	0	0
cg05293319	42.13365	0	111.02828	0	12.84291	24.87717	13.43310	15.29169	0	54.43856	0	13.87501	0	15.76864	28.22069	0	33.06004	0	14.43689	14.72515	0
cg05374238	224.71279	81.03564	333.08484	209.57456	256.85811	273.64886	241.79574	122.33351	0	435.50846	190.94294	208.12521	124.19660	204.99235	197.54480	40.72988	462.84052	147.31880	245.42712	176.70186	191.90482
cg05387146	0	0	31.72237	0	12.84291	0	0	0	0	18.14619	0	27.75003	15.52458	0	0	0	16.53002	0	0	14.72515	31.98414
cg05392244	0	0	0	0	12.84291	0	0	0	0	0	0	13.87501	0	0	0	0	0	0	0	14.72515	0
cg05392657	547.73742	101.29454	761.33678	209.57456	757.73143	286.08744	402.99289	703.41769	42.08400	362.92371	350.06206	1040.62604	434.68811	283.83556	536.19303	61.09482	495.90056	360.11262	909.52402	323.95341	287.85722
cg05414163	0	0	0	0	0	0	13.43310	0	0	0	0	0	0	0	0	0	0	0	0	0	0
cg05422208	0	0	0	0	25.68581	0	0	15.29169	0	36.29237	0	0	0	0	0	0	16.53002	0	0	0	0
cg05495011	0	0	0	0	0	0	0	0	0	18.14619	0	0	0	0	0	0	16.53002	16.36876	0	0	15.99207
cg05554722	0	0	0	0	0	0	0	15.29169	0	0	0	0	0	0	0	0	0	0	0	0	0
cg05573646	0	0	0	0	0	0	0	0	0	0	0	0	0	0	0	0	0	0	0	0	0
cg05619116	70.22275	81.03564	63.44473	14.96961	77.05743	62.19292	13.43310	76.45844	63.12600	127.02330	15.91191	83.25008	77.62288	78.84321	42.33103	40.72988	115.71013	0	86.62133	29.45031	47.97620
cg05621843	0	0	31.72237	0	0	0	0	15.29169	0	54.43856	0	27.75003	0	0	0	0	33.06004	0	28.87378	14.72515	15.99207
cg05657067	0	0	0	0	0	0	0	0	21.04200	0	0	0	0	0	0	20.36494	0	0	14.43689	0	0
cg05696034	0	0	63.44473	0	0	24.87717	13.43310	0	0	72.58474	15.91191	13.87501	31.04915	0	28.22069	0	16.53002	0	14.43689	58.90062	0
cg05799997	14.04455	20.25891	47.58355	0	12.84291	37.31575	0	30.58338	21.04200	54.43856	31.82382	41.62504	62.09830	15.76864	0	81.45976	16.53002	16.36876	28.87378	14.72515	15.99207
cg05861291	56.17820	0	31.72237	29.93922	38.52872	37.31575	53.73239	45.87507	42.08400	0	0	13.87501	15.52458	0	0	0	0	32.73751	28.87378	29.45031	0
cg05874233	14.04455	0	0	0	12.84291	0	0	15.29169	0	0	0	0	0	0	0	20.36494	16.53002	0	0	0	0
cg05876737	0	0	0	0	0	0	0	0	0	0	0	0	0	0	0	0	0	0	0	0	0
cg05919078	0	0	0	0	0	0	0	0	0	0	0	0	0	0	0	0	0	0	0	0	0
cg05954280	0	0	15.86118	0	0	0	0	0	0	0	0	0	0	0	0	0	0	0	0	0	0
cg05955436	0	0	0	0	0	0	0	0	0	18.14619	0	0	0	0	0	0	0	0	0	0	0
cg05966765	0	40.51782	15.86118	14.96961	0	12.43858	13.43310	15.29169	0	18.14619	0	0	0	31.53728	0	40.72988	16.53002	0	0	0	15.99207
cg05970317	0	0	0	0	0	0	0	0	0	0	0	0	0	0	0	0	0	0	0	0	0
cg05990735	0	0	0	0	0	0	0	0	0	0	0	0	0	0	0	0	0	0	0	0	0
cg06053534	0	0	0	0	0	0	0	0	0	0	0	0	0	0	0	0	0	0	0	0	15.99207
cg06073499	0	0	0	0	0	0	0	0	0	0	0	0	0	0	0	0	0	0	0	0	0
cg06092069	0	20.25891	0	0	12.84291	0	0	0	0	0	0	0	31.04915	15.76864	0	0	0	0	14.43689	0	15.99207
cg06153623	0	40.51782	31.72237	0	38.52872	12.43858	13.43310	30.58338	21.04200	0	0	0	0	31.53728	14.11034	40.72988	16.53002	16.36876	0	29.45031	15.99207
cg06157435	126.40094	20.25891	412.39076	14.96961	102.74324	49.75434	94.03168	198.79196	21.04200	290.33897	15.91191	263.62526	62.09830	94.61185	169.32411	40.72988	347.13039	16.36876	187.67956	132.52639	31.98414
cg06169135	0	0	0	0	0	0	0	0	0	0	0	0	0	0	14.11034	0	0	0	0	0	0
cg06187301	70.22275	0	79.30591	14.96961	25.68581	37.31575	0	15.29169	0	18.14619	0	13.87501	93.14745	0	42.33103	20.36494	33.06004	16.36876	86.62133	73.62577	63.96827
cg06197201	0	0	0	0	12.84291	0	0	30.58338	0	18.14619	0	13.87501	0	0	0	0	33.06004	16.36876	0	0	31.98414
cg06202136	0	0	0	0	0	0	0	0	0	0	0	0	0	0	0	0	0	0	0	0	0
cg06213287	42.13365	0	0	0	12.84291	0	0	0	0	0	0	0	0	15.76864	28.22069	0	0	0	0	0	0
cg06299093	0	0	15.86118	0	0	0	0	0	0	0	0	0	0	0	0	0	0	0	0	0	0
cg06303288	0	0	0	0	0	37.31575	94.03168	0	0	0	0	27.75003	108.67203	47.30593	0	0	0	32.73751	0	44.17546	95.95241
cg06333834	2977.44445	2471.58688	12260.69440	1871.20146	2902.49666	1965.29635	1343.30965	2507.83699	1851.69599	8583.14582	1861.69366	2788.87779	1987.14565	1513.78968	2285.87555	2484.52265	9537.82068	1800.56309	3190.55250	2194.04809	1695.15920
cg06345712	112.35639	40.51782	79.30591	119.75689	102.74324	37.31575	80.59858	30.58338	63.12600	90.73093	111.38338	69.37507	93.14745	141.91778	70.55171	20.36494	66.12007	147.31880	72.18445	14.72515	47.97620
cg06461649	0	0	0	0	0	0	0	0	0	0	0	0	0	0	0	0	0	0	0	0	0
cg06476053	0	0	0	0	0	0	0	0	42.08400	0	0	0	0	0	0	0	0	0	0	0	0
cg06520258	0	20.25891	63.44473	0	0	0	13.43310	15.29169	0	18.14619	0	0	15.52458	0	0	0	0	0	14.43689	0	0
cg06532574	0	0	31.72237	0	0	0	0	0	0	18.14619	0	13.87501	0	0	0	0	33.06004	0	0	14.72515	15.99207
cg06532789	14.04455	0	0	0	25.68581	12.43858	26.86619	0	0	0	0	0	0	31.53728	28.22069	0	0	0	28.87378	29.45031	31.98414
cg06540116	0	20.25891	0	0	38.52872	0	0	0	0	18.14619	0	0	0	0	14.11034	0	0	0	28.87378	14.72515	0
cg06635832	0	0	0	0	0	0	0	0	0	0	0	0	0	0	0	0	0	0	0	0	0
cg06666194	0	0	15.86118	0	0	0	0	0	0	0	0	0	0	15.76864	0	0	16.53002	0	0	0	0
cg06699146	0	0	0	14.96961	0	0	0	0	0	0	15.91191	0	0	0	0	0	16.53002	0	0	0	0
cg06713259	0	0	15.86118	0	0	0	0	0	0	0	0	0	0	0	0	0	16.53002	0	0	14.72515	0
cg06733468	0	0	0	0	0	0	13.43310	0	0	0	0	0	0	0	0	0	0	0	0	0	0
cg06755671	14.04455	0	0	29.93922	12.84291	24.87717	0	0	0	0	15.91191	0	15.52458	15.76864	0	0	0	0	0	0	0
cg06763641	0	0	0	14.96961	0	0	0	0	0	0	0	0	0	0	0	0	0	0	0	0	0
cg06794857	0	0	0	0	0	0	0	0	0	0	0	0	0	0	0	0	0	0	0	0	0
cg06804083	70.22275	0	15.86118	0	12.84291	24.87717	13.43310	15.29169	0	0	0	13.87501	0	31.53728	14.11034	20.36494	0	0	28.87378	14.72515	0
cg06806041	0	0	0	0	0	0	0	0	0	0	0	0	0	0	0	0	16.53002	0	0	0	0
cg06904086	0	0	47.58355	0	0	0	0	0	0	0	0	13.87501	0	0	0	0	16.53002	0	0	0	0
cg06969055	0	0	0	0	0	0	0	0	21.04200	0	0	0	0	0	0	0	0	0	0	0	0
cg06993467	0	0	0	0	0	0	0	0	0	0	0	0	0	0	0	0	0	0	0	0	0
cg07159397	112.35639	283.62472	142.75065	14.96961	64.21453	111.94726	53.73239	76.45844	189.37800	235.90041	63.64765	124.87512	46.57373	189.22371	98.77240	183.28446	82.65009	49.10627	72.18445	117.80124	143.92861
cg07186199	0	0	0	0	0	0	0	0	0	18.14619	0	0	0	0	0	0	16.53002	0	0	0	0
cg07243892	140.44549	40.51782	206.19538	134.72651	128.42906	37.31575	80.59858	45.87507	63.12600	290.33897	127.29529	83.25008	93.14745	157.68642	98.77240	20.36494	264.48030	147.31880	101.05822	14.72515	47.97620
cg07262620	421.33648	1620.71271	1142.00517	1197.56894	757.73143	621.92922	738.82031	489.33405	1430.85599	1306.52537	1161.56955	790.87579	434.68811	504.59656	663.18612	1344.08602	1190.16133	1276.76291	635.22312	795.15837	703.65099
cg07428136	0	0	0	0	12.84291	0	0	0	0	0	0	0	0	0	0	0	0	0	0	0	0
cg07494431	0	0	0	0	25.68581	0	0	0	0	0	0	0	0	0	0	0	16.53002	0	0	0	0
cg07499899	0	0	0	0	0	0	0	15.29169	0	0	0	13.87501	0	0	0	0	33.06004	0	0	0	0
cg07538199	0	0	0	0	0	0	0	0	0	0	0	0	0	0	0	0	0	0	0	0	0
cg07548283	0	0	0	0	0	0	0	0	0	0	0	0	0	15.76864	0	0	0	0	14.43689	0	0
cg07551857	0	0	0	0	0	0	0	0	0	18.14619	0	0	0	15.76864	0	0	0	0	0	0	0
cg07661965	0	20.25891	0	0	12.84291	0	0	0	42.08400	0	0	0	0	0	0	40.72988	16.53002	0	0	44.17546	0
cg07843309	0	0	15.86118	0	0	0	0	0	0	0	0	0	0	0	0	0	0	0	14.43689	0	0
cg07881483	0	0	47.58355	0	25.68581	12.43858	0	30.58338	21.04200	18.14619	0	27.75003	0	0	0	0	33.06004	0	14.43689	14.72515	0
cg07910680	0	0	0	0	0	0	0	0	0	0	0	0	0	0	0	0	0	0	14.43689	0	0
cg07938459	0	0	0	0	0	0	0	0	0	0	0	0	0	0	0	0	0	0	0	0	0
cg08036487	0	0	0	0	0	0	0	0	21.04200	0	0	0	0	0	0	0	0	0	0	0	0
cg08145798	14.04455	0	0	0	0	0	0	0	0	0	0	0	0	0	0	0	0	0	0	0	0
cg08154524	154.49004	40.51782	888.22624	29.93922	256.85811	87.07009	53.73239	137.62520	0	417.36227	0	194.25019	31.04915	15.76864	56.44137	40.72988	644.67072	0	230.99023	29.45031	15.99207
cg08197287	0	0	0	0	0	0	0	0	0	0	0	0	0	0	0	0	0	0	0	0	0
cg08200835	0	0	0	0	0	12.43858	0	15.29169	0	18.14619	15.91191	13.87501	0	0	0	0	0	0	0	0	0
cg08241939	0	0	0	0	0	0	0	0	0	0	0	0	0	0	0	0	0	0	0	0	0
cg08259514	0	0	0	0	0	0	0	0	0	0	0	0	0	0	0	0	0	0	0	0	0
cg08315530	0	0	0	0	0	0	13.43310	0	0	0	0	0	0	0	0	0	0	0	14.43689	0	0
cg08401618	0	20.25891	0	0	0	0	0	0	0	36.29237	0	0	0	0	0	0	0	0	0	14.72515	0
cg08401628	0	0	0	0	0	0	0	0	0	0	0	0	0	0	0	0	0	0	0	0	0
cg08448026	14.04455	0	0	0	25.68581	0	0	0	0	0	0	0	0	0	0	0	16.53002	0	0	0	0
cg08476631	196.62369	0	126.88946	59.87845	102.74324	49.75434	53.73239	91.75013	42.08400	163.31567	79.55956	111.00011	93.14745	94.61185	155.21377	0	181.83020	32.73751	86.62133	161.97670	63.96827
cg08491843	0	0	0	0	0	0	0	0	0	0	0	0	0	0	0	0	0	0	0	0	0
cg08496735	0	0	0	0	0	0	0	0	0	0	0	0	0	0	0	0	0	0	0	0	0
cg08511886	0	0	0	0	0	0	0	0	0	0	0	13.87501	0	0	0	0	0	0	0	0	0
cg08542002	14.04455	0	126.88946	0	77.05743	0	26.86619	15.29169	0	145.16949	15.91191	152.62515	15.52458	15.76864	42.33103	0	181.83020	0	101.05822	14.72515	0
cg08564172	14.04455	0	15.86118	0	0	12.43858	0	15.29169	0	0	0	13.87501	0	0	14.11034	0	16.53002	0	0	0	0
cg08573199	0	0	0	0	0	0	0	0	0	18.14619	15.91191	0	0	0	0	0	16.53002	0	28.87378	0	0
cg08573409	140.44549	40.51782	206.19538	134.72651	128.42906	37.31575	80.59858	45.87507	63.12600	290.33897	127.29529	83.25008	93.14745	157.68642	98.77240	20.36494	264.48030	147.31880	101.05822	14.72515	47.97620
cg08591265	56.17820	0	0	0	0	12.43858	13.43310	0	0	54.43856	0	0	0	0	14.11034	0	0	0	14.43689	0	0
cg08609318	0	0	0	29.93922	12.84291	12.43858	0	15.29169	21.04200	0	15.91191	0	0	0	0	20.36494	16.53002	0	0	14.72515	0
cg08625794	0	0	95.16710	14.96961	51.37162	0	26.86619	15.29169	0	0	47.73573	41.62504	15.52458	15.76864	0	0	82.65009	0	28.87378	0	0
cg08696062	70.22275	0	237.91774	14.96961	12.84291	12.43858	53.73239	76.45844	0	290.33897	47.73573	111.00011	46.57373	31.53728	42.33103	0	165.30019	16.36876	158.80578	0	0
cg08697985	8061.57130	10453.59697	8565.03878	7634.50196	7628.68591	7475.58928	7347.90377	7859.92813	10037.03392	8782.75387	8401.48935	7076.25708	8228.02496	7900.08988	8212.21956	9999.18540	8198.88918	7906.10882	7882.54147	8025.20947	8523.77221
cg08717672	0	0	0	0	0	0	0	0	0	0	0	0	0	0	0	0	0	0	0	0	0
cg08739399	4058.87475	9744.53516	6281.02844	6406.99380	4995.89027	3843.52261	4177.69300	3593.54691	9658.27792	6623.35777	6587.53143	4356.75436	3834.57012	4178.69026	3922.67532	9999.18540	6793.83761	6105.54573	5211.71698	4491.17227	4349.84248
cg08766335	0	0	0	0	0	0	0	0	0	0	0	0	0	0	0	0	0	0	0	0	0
cg08805158	42.13365	0	63.44473	14.96961	64.21453	24.87717	13.43310	30.58338	21.04200	72.58474	15.91191	27.75003	0	0	42.33103	20.36494	49.59006	65.47502	43.31067	14.72515	0
cg08817720	0	0	0	0	0	0	0	15.29169	0	18.14619	0	0	0	0	14.11034	0	0	0	0	0	0
cg08850922	0	0	0	0	0	0	0	0	0	0	0	0	0	0	0	0	0	0	0	0	0
cg08895590	0	0	0	0	0	12.43858	0	15.29169	0	0	15.91191	0	0	15.76864	0	0	0	0	0	14.72515	0
cg08975360	14.04455	0	0	0	0	0	0	0	0	0	0	0	0	0	0	0	0	0	0	0	0
cg09031776	70.22275	0	15.86118	0	12.84291	24.87717	13.43310	15.29169	0	0	0	13.87501	0	31.53728	14.11034	20.36494	0	0	28.87378	14.72515	0
cg09044138	0	0	0	14.96961	0	0	0	0	0	0	0	0	0	0	0	0	0	0	0	0	0
cg09054518	14.04455	0	47.58355	0	0	0	0	0	0	0	0	0	0	15.76864	0	0	16.53002	0	28.87378	0	0
cg09097524	0	0	0	0	0	0	0	0	0	0	0	0	0	0	0	0	0	0	0	0	0
cg09144744	0	0	0	0	0	0	0	0	0	0	0	0	0	0	0	0	0	0	0	0	0
cg09180564	0	0	0	0	0	0	0	0	0	0	0	0	0	0	0	0	0	0	0	0	0
cg09212118	0	0	0	0	0	0	0	0	0	36.29237	0	0	0	0	0	0	33.06004	0	0	0	0
cg09327847	14.04455	0	15.86118	14.96961	51.37162	12.43858	0	0	21.04200	18.14619	0	0	0	0	0	20.36494	16.53002	0	14.43689	0	0
cg09345868	0	0	0	0	0	0	0	0	0	0	0	0	0	0	0	0	0	0	0	0	0
cg09380000	0	0	0	0	0	12.43858	0	0	0	0	0	13.87501	15.52458	0	0	0	0	0	14.43689	0	0
cg09415792	14.04455	0	47.58355	14.96961	0	24.87717	0	0	42.08400	0	15.91191	0	15.52458	0	14.11034	20.36494	49.59006	0	0	14.72515	0
cg09425247	14.04455	20.25891	15.86118	44.90884	0	12.43858	0	45.87507	0	0	0	0	15.52458	0	0	0	0	0	14.43689	14.72515	15.99207
cg09439867	0	0	0	0	0	0	0	15.29169	0	0	0	0	15.52458	0	0	0	0	16.36876	0	0	0
cg09568092	14.04455	20.25891	15.86118	0	25.68581	0	0	0	0	18.14619	0	13.87501	0	0	0	0	16.53002	0	14.43689	14.72515	15.99207
cg09574009	1685.34592	2471.58688	4234.93584	1407.14350	1528.30576	1231.41986	1370.17584	1835.00268	1851.69599	4264.35363	1702.57455	1484.62648	1521.40839	1403.40918	1806.12389	1914.30433	4016.79450	1456.81922	1847.92181	1855.36953	1407.30198
cg09592121	280.89099	81.03564	682.03087	74.84806	166.95777	174.14018	40.29929	198.79196	126.25200	871.01691	95.47147	360.75036	77.62288	63.07457	197.54480	101.82470	760.38085	81.84378	216.55334	117.80124	63.96827
cg09623010	28.08910	0	0	14.96961	0	0	0	0	0	0	0	0	0	15.76864	0	0	16.53002	0	0	0	0
cg09638421	0	0	0	0	0	0	0	0	0	18.14619	0	0	0	0	0	0	0	0	0	0	0
cg09688014	0	20.25891	0	0	0	0	0	0	0	0	0	0	0	0	0	0	0	0	0	0	0
cg09739024	0	0	0	0	0	0	0	0	0	0	0	0	15.52458	0	0	0	0	0	0	0	0
cg09743847	0	0	0	0	0	0	0	0	0	0	0	0	0	0	0	0	0	0	0	0	0
cg09754197	0	0	0	0	0	0	0	0	0	0	0	0	0	0	0	0	0	0	0	0	0
cg09790325	112.35639	40.51782	174.47301	0	89.90034	24.87717	13.43310	0	21.04200	108.87711	15.91191	55.50006	77.62288	31.53728	84.66206	20.36494	33.06004	65.47502	144.36889	44.17546	95.95241
cg09791440	14.04455	0	79.30591	0	12.84291	0	26.86619	0	0	72.58474	0	27.75003	0	0	14.11034	0	66.12007	0	0	0	0
cg09827740	0	0	0	0	0	0	0	0	0	0	0	13.87501	0	0	0	0	0	0	0	0	0
cg09975852	98.31185	121.55345	31.72237	0	38.52872	49.75434	26.86619	61.16676	63.12600	54.43856	31.82382	41.62504	15.52458	47.30593	28.22069	20.36494	33.06004	49.10627	57.74756	29.45031	15.99207
cg09985845	154.49004	101.29454	428.25194	14.96961	115.58615	37.31575	13.43310	107.04182	84.16800	707.70124	15.91191	111.00011	31.04915	15.76864	84.66206	40.72988	413.25046	32.73751	72.18445	117.80124	0
cg10015297	0	0	0	0	0	0	0	0	0	0	0	0	0	0	0	0	0	0	0	0	0
cg10212432	0	0	0	0	0	0	0	15.29169	0	0	0	0	0	0	0	0	0	0	0	0	0
cg10276869	28.08910	20.25891	95.16710	0	38.52872	24.87717	26.86619	0	21.04200	108.87711	31.82382	55.50006	15.52458	31.53728	28.22069	20.36494	49.59006	32.73751	0	14.72515	0
cg10291238	0	0	0	0	0	0	0	0	0	0	0	0	0	0	0	0	16.53002	0	0	0	0
cg10369790	0	0	0	0	0	0	0	0	0	0	0	0	0	0	0	20.36494	0	0	0	14.72515	0
cg10395101	0	0	0	0	0	0	0	0	0	0	15.91191	0	0	0	0	0	0	0	0	0	0
cg10500283	0	0	0	0	12.84291	0	0	0	0	0	0	13.87501	15.52458	0	0	0	0	0	0	0	0
cg10574006	0	20.25891	0	0	0	0	0	0	0	0	0	13.87501	15.52458	0	0	0	16.53002	0	0	0	0
cg10587082	24381.33760	48661.89907	35814.55105	36211.49067	32222.85010	23857.20505	27416.94988	26775.74738	45198.21564	36383.10227	35228.97241	29609.27961	26453.87649	29408.51822	23663.04501	43988.26979	34713.03888	35552.93655	32439.68990	26534.72928	30320.96080
cg10603156	0	0	31.72237	0	0	0	0	0	0	18.14619	0	0	0	0	0	0	16.53002	0	0	0	0
cg10605269	0	0	0	0	0	0	0	0	0	0	0	0	0	0	0	0	0	0	0	0	15.99207
cg10651981	0	0	0	0	0	0	0	0	0	0	0	0	0	0	0	0	16.53002	0	0	0	0
cg10671950	0	0	0	0	0	0	0	0	0	0	0	0	0	0	0	0	0	0	0	0	0
cg10736139	126.40094	0	31.72237	0	64.21453	37.31575	40.29929	61.16676	0	18.14619	0	111.00011	15.52458	47.30593	169.32411	0	66.12007	0	86.62133	44.17546	0
cg10766285	84.26730	0	206.19538	0	77.05743	37.31575	0	61.16676	0	127.02330	15.91191	55.50006	15.52458	31.53728	84.66206	20.36494	214.89024	0	129.93200	14.72515	0
cg10828910	0	0	0	0	0	0	0	0	0	0	0	0	0	0	0	0	0	0	0	0	0
cg10885779	14.04455	40.51782	47.58355	0	0	0	13.43310	0	0	36.29237	0	13.87501	15.52458	15.76864	28.22069	20.36494	0	0	0	0	0
cg10921802	0	0	0	0	0	0	0	0	0	0	0	0	0	0	0	0	0	0	0	0	0
cg10955383	0	0	0	0	0	12.43858	0	15.29169	0	18.14619	0	0	0	0	0	0	0	0	0	0	0
cg11009695	0	0	47.58355	0	0	0	13.43310	0	0	18.14619	15.91191	0	15.52458	0	0	0	0	0	14.43689	14.72515	0
cg11010294	0	0	0	0	0	0	0	0	0	0	0	13.87501	0	0	0	0	0	0	0	0	0
cg11024426	28.08910	0	79.30591	0	64.21453	0	13.43310	45.87507	0	36.29237	0	55.50006	15.52458	15.76864	14.11034	0	49.59006	0	86.62133	29.45031	0
cg11058691	0	0	0	0	0	0	0	0	0	0	0	0	0	0	0	0	0	0	0	0	0
cg11093223	4255.49844	8022.52791	14005.42452	3817.25098	4687.66054	2736.48859	2968.71432	4740.42358	7680.32994	14625.82565	3977.97791	4689.75469	3120.43966	2964.50479	3979.11669	7636.85239	14033.98572	4534.14522	5904.68766	3445.68627	3326.35013
cg11139090	0	0	0	0	0	0	0	0	0	0	0	13.87501	0	0	0	0	0	0	0	0	0
cg11218619	0	0	0	0	0	0	0	0	0	0	0	0	0	0	0	0	0	0	0	0	0
cg11238820	14.04455	20.25891	0	0	12.84291	0	0	0	0	0	0	0	15.52458	0	0	0	0	0	0	0	0
cg11259152	0	0	0	0	0	0	26.86619	0	0	0	0	0	15.52458	0	0	0	0	0	0	0	0
cg11296005	28.08910	0	0	14.96961	12.84291	24.87717	0	15.29169	21.04200	0	0	27.75003	0	15.76864	0	81.45976	0	0	0	14.72515	31.98414
cg11320406	0	0	0	0	0	0	0	0	0	0	0	0	0	0	0	0	0	0	0	0	0
cg11340497	42.13365	81.03564	31.72237	29.93922	0	24.87717	26.86619	15.29169	42.08400	36.29237	15.91191	41.62504	15.52458	31.53728	14.11034	81.45976	66.12007	32.73751	0	44.17546	15.99207
cg11351475	0	0	0	0	0	0	0	0	0	0	0	0	0	0	0	0	0	0	0	0	0
cg11391811	28.08910	0	0	0	12.84291	0	0	0	0	0	0	0	46.57373	15.76864	42.33103	0	16.53002	0	0	0	0
cg11403563	0	0	15.86118	0	0	0	0	0	0	0	0	0	0	0	0	0	0	0	0	0	0
cg11525409	14.04455	0	586.86377	0	51.37162	12.43858	13.43310	0	21.04200	653.26268	0	0	31.04915	0	56.44137	0	727.32081	0	28.87378	0	0
cg11546251	0	0	0	0	0	0	0	0	0	0	15.91191	13.87501	0	0	0	0	0	0	0	0	0
cg11583160	56.17820	0	15.86118	44.90884	64.21453	49.75434	0	0	0	18.14619	31.82382	13.87501	62.09830	31.53728	0	20.36494	16.53002	16.36876	43.31067	44.17546	15.99207
cg11586360	252.80189	222.84800	348.94602	269.45301	128.42906	87.07009	214.92954	336.41716	147.29400	290.33897	254.59059	138.75014	201.81948	189.22371	338.64823	81.45976	247.95028	294.63760	230.99023	220.87732	111.94448
cg11653000	14.04455	0	0	0	0	0	0	0	0	0	0	0	0	0	0	0	0	0	0	0	0
cg11745838	0	0	0	0	12.84291	0	0	0	0	18.14619	0	0	0	0	0	0	0	0	14.43689	0	0
cg11807844	0	0	0	0	0	0	0	0	0	0	0	0	0	0	0	0	0	0	0	0	0
cg11808745	0	0	0	0	0	0	0	0	0	0	0	0	0	0	0	0	0	0	0	0	0
cg11846636	0	0	0	0	0	0	0	0	0	0	0	0	0	0	0	0	0	0	0	0	0
cg11924172	0	0	0	0	0	0	0	0	0	0	0	0	0	0	0	0	0	0	0	0	0
cg11950754	0	0	0	0	0	0	0	0	0	0	0	0	0	0	0	0	0	0	0	0	0
cg11969813	14.04455	0	0	0	0	0	13.43310	15.29169	21.04200	18.14619	0	0	15.52458	0	14.11034	0	0	0	0	0	0
cg11970204	0	0	0	14.96961	0	0	0	0	0	0	15.91191	0	0	0	0	0	0	0	0	0	0
cg11987802	0	0	0	0	0	0	0	0	0	0	0	0	0	0	0	0	0	0	0	0	0
cg11997960	0	0	0	0	0	0	0	0	0	0	0	0	0	0	0	0	0	0	0	0	0
cg12030118	0	0	0	14.96961	12.84291	0	0	0	0	18.14619	0	0	0	0	14.11034	0	0	0	0	0	47.97620
cg12059894	0	0	0	0	0	0	0	0	0	0	0	0	0	0	0	0	0	0	0	0	0
cg12078931	0	0	0	0	0	0	0	0	0	0	0	0	0	15.76864	0	0	0	0	0	0	0
cg12111272	28.08910	20.25891	0	14.96961	38.52872	12.43858	53.73239	15.29169	42.08400	54.43856	47.73573	41.62504	62.09830	15.76864	70.55171	122.18964	33.06004	0	72.18445	73.62577	47.97620
cg12159464	0	0	0	0	0	0	0	0	0	0	0	0	0	0	0	0	0	0	0	0	0
cg12165841	266.84644	567.24945	2759.84583	359.27068	590.77366	186.57877	268.66193	305.83378	315.63000	3066.70538	334.15014	402.37540	186.29490	173.45507	380.97926	468.39361	2545.62285	343.74386	577.47557	220.87732	383.80963
cg12167548	0	0	15.86118	0	0	0	0	0	0	18.14619	0	0	0	0	0	0	0	0	0	0	0
cg12196642	0	0	31.72237	0	0	12.43858	0	0	0	0	0	0	0	0	0	0	16.53002	0	0	0	0
cg12224508	14.04455	0	0	0	0	0	0	30.58338	0	0	31.82382	0	15.52458	0	0	0	0	0	0	14.72515	0
cg12243453	14.04455	20.25891	31.72237	0	0	0	0	15.29169	0	36.29237	0	0	0	15.76864	0	0	16.53002	0	0	0	0
cg12243499	0	0	0	0	0	0	0	0	0	0	0	0	0	0	0	0	0	0	0	0	0
cg12304116	0	0	47.58355	0	0	0	0	0	0	18.14619	0	13.87501	15.52458	0	0	0	33.06004	0	0	0	0
cg12329911	26488.02000	32475.03089	27043.31689	30987.09619	25672.96825	23782.57354	24166.14054	27280.37312	33225.31773	28235.46491	32874.00948	26320.90132	27788.98997	26790.92357	27190.63073	32359.88921	28448.16186	32590.19184	27415.65248	27859.99323	28593.81747
cg12350157	0	0	0	0	0	0	0	0	0	0	0	0	0	0	0	0	0	0	0	0	0
cg12476579	0	0	0	0	38.52872	12.43858	0	0	0	0	0	0	15.52458	0	0	0	16.53002	0	14.43689	0	15.99207
cg12548555	0	0	0	0	0	0	0	0	0	0	0	0	0	0	0	0	0	0	0	0	0
cg12550490	0	0	0	0	0	0	0	0	0	0	0	0	0	0	0	0	0	0	0	0	0
cg12571098	0	0	15.86118	0	0	0	0	0	0	0	0	13.87501	0	0	0	0	0	0	0	0	0
cg12573892	0	0	0	0	0	0	0	0	0	0	0	0	0	0	0	0	0	0	0	0	0
cg12579921	0	0	0	0	0	0	0	0	0	0	0	0	0	0	0	0	0	0	0	0	0
cg12619810	0	0	0	0	0	0	0	15.29169	0	0	0	0	0	0	0	0	0	0	0	0	0
cg12629909	0	0	0	0	0	0	0	0	0	0	0	0	0	0	0	0	0	0	0	0	0
cg12636421	0	0	0	0	25.68581	0	0	0	0	18.14619	0	0	0	0	0	0	0	0	14.43689	0	0
cg12656221	56.17820	384.91927	63.44473	134.72651	38.52872	62.19292	94.03168	107.04182	105.21000	54.43856	127.29529	69.37507	0	94.61185	28.22069	244.37928	16.53002	81.84378	43.31067	29.45031	111.94448
cg12723985	28.08910	0	47.58355	14.96961	25.68581	12.43858	0	0	0	254.04660	31.82382	13.87501	15.52458	0	28.22069	0	214.89024	0	28.87378	14.72515	15.99207
cg12730047	12752.45077	15822.20782	22395.99029	15643.24421	13960.23836	11853.97102	12506.21281	13517.85305	14224.39189	22247.22363	17328.07179	13694.63869	12869.87301	13135.27918	12120.78454	16210.49202	21968.39460	15615.79258	14942.18026	12707.80875	12745.67814
cg12751400	0	20.25891	0	59.87845	12.84291	0	53.73239	15.29169	21.04200	0	0	0	31.04915	0	0	0	0	16.36876	14.43689	0	0
cg12753781	0	0	0	0	0	0	0	0	0	0	0	13.87501	0	0	14.11034	0	0	0	0	0	0
cg12757631	14.04455	0	0	14.96961	0	0	26.86619	15.29169	0	0	15.91191	13.87501	0	47.30593	0	0	0	0	0	14.72515	0
cg12765567	14.04455	0	0	0	12.84291	0	0	15.29169	0	0	0	0	0	0	0	0	0	0	14.43689	0	15.99207
cg12814614	0	0	0	0	0	0	13.43310	0	0	0	0	13.87501	0	0	0	0	0	0	0	0	0
cg12905710	9002.55611	7718.64427	8200.23157	9311.09847	9593.65047	8259.22010	6622.51656	9480.84716	7848.66594	9907.81738	9738.08993	9476.63448	9640.76133	7663.56024	8748.41259	6618.60541	9422.11055	8822.75912	10048.07484	8673.11628	8763.65323
cg12914982	14.04455	0	31.72237	14.96961	12.84291	12.43858	0	30.58338	0	0	0	0	15.52458	0	0	0	0	0	0	14.72515	15.99207
cg12940181	0	0	0	0	0	0	0	0	0	0	0	0	0	0	0	0	16.53002	0	0	0	0
cg12968741	0	0	15.86118	0	12.84291	12.43858	26.86619	0	0	0	0	13.87501	0	15.76864	0	0	0	0	57.74756	14.72515	15.99207
cg12991263	70.22275	0	253.77893	0	128.42906	49.75434	13.43310	15.29169	0	163.31567	15.91191	55.50006	62.09830	15.76864	28.22069	0	181.83020	16.36876	72.18445	58.90062	47.97620
cg13054503	0	0	0	0	0	0	0	0	0	0	0	0	0	0	0	20.36494	0	0	0	0	0
cg13068284	0	20.25891	31.72237	0	64.21453	12.43858	13.43310	0	0	54.43856	0	13.87501	0	31.53728	0	0	33.06004	0	43.31067	0	0
cg13117340	0	0	0	0	0	0	0	0	0	18.14619	0	13.87501	0	0	0	0	0	0	0	0	0
cg13120180	70.22275	60.77673	111.02828	0	64.21453	24.87717	13.43310	0	21.04200	54.43856	31.82382	41.62504	31.04915	31.53728	42.33103	81.45976	33.06004	0	14.43689	58.90062	0
cg13130043	14.04455	20.25891	0	0	0	12.43858	13.43310	15.29169	21.04200	0	31.82382	0	15.52458	0	14.11034	0	16.53002	0	0	14.72515	0
cg13188519	0	0	0	0	0	0	0	0	0	0	0	13.87501	0	0	0	0	0	0	0	0	0
cg13235761	42.13365	0	111.02828	0	64.21453	37.31575	13.43310	30.58338	0	127.02330	0	41.62504	31.04915	31.53728	28.22069	0	49.59006	32.73751	101.05822	14.72515	0
cg13273037	0	0	0	0	12.84291	12.43858	0	0	0	18.14619	0	0	0	0	0	0	0	0	0	0	0
cg13292626	0	0	0	0	0	12.43858	13.43310	0	0	0	0	0	0	0	14.11034	0	0	0	0	0	0
cg13295028	14.04455	20.25891	47.58355	0	12.84291	49.75434	0	15.29169	21.04200	54.43856	31.82382	13.87501	77.62288	15.76864	0	81.45976	16.53002	16.36876	28.87378	14.72515	15.99207
cg13300246	6207.69080	263.36582	13910.25743	583.81486	4584.91729	3756.45252	1625.40467	5352.09114	210.42000	11831.31306	381.88588	5147.63015	3865.61928	1624.17018	4529.42006	203.64940	11504.89289	572.90644	5153.96942	3843.26545	1535.23852
cg13376120	0	0	0	14.96961	0	0	0	0	0	36.29237	0	0	0	15.76864	0	0	0	0	0	0	0
cg13430534	0	0	0	14.96961	12.84291	0	0	15.29169	0	36.29237	0	0	15.52458	0	0	0	16.53002	0	0	14.72515	15.99207
cg13440411	28.08910	0	31.72237	0	12.84291	24.87717	13.43310	30.58338	0	0	15.91191	27.75003	0	0	14.11034	0	0	0	14.43689	0	15.99207
cg13483603	0	0	0	0	0	0	0	0	0	0	0	0	0	0	0	0	16.53002	0	0	0	0
cg13493333	14.04455	0	0	0	25.68581	12.43858	13.43310	0	0	0	0	0	0	0	0	0	0	0	0	0	15.99207
cg13557337	0	0	0	0	0	0	0	0	0	0	0	0	0	0	0	0	0	0	0	0	0
cg13587796	0	0	0	0	0	0	0	0	0	0	0	0	0	0	0	0	0	0	0	0	0
cg13589481	0	0	0	0	0	0	0	0	0	0	0	0	0	0	0	0	0	0	0	0	0
cg13598864	28.08910	0	0	0	0	0	0	0	0	0	0	27.75003	0	15.76864	0	0	33.06004	0	28.87378	14.72515	0
cg13624095	98.31185	0	237.91774	0	192.64358	12.43858	0	30.58338	0	290.33897	0	166.50017	15.52458	0	28.22069	20.36494	214.89024	0	144.36889	0	0
cg13653793	0	0	0	0	0	0	0	0	0	0	0	0	0	0	0	0	0	0	0	0	0
cg13682334	0	0	0	0	0	0	0	0	0	0	0	0	0	0	0	0	0	0	0	0	0
cg13739312	0	0	0	0	0	0	0	0	0	0	0	0	0	0	0	0	0	0	0	0	0
cg13784017	0	0	0	0	0	0	0	0	0	0	0	0	0	0	0	0	16.53002	0	0	0	0
cg13804024	140.44549	20.25891	285.50129	59.87845	166.95777	37.31575	26.86619	91.75013	0	163.31567	47.73573	55.50006	108.67203	15.76864	84.66206	40.72988	231.42026	49.10627	187.67956	29.45031	31.98414
cg13880598	2022.41510	263.36582	21190.54039	119.75689	3750.12843	298.52603	161.19716	1804.41930	84.16800	17946.57763	127.29529	3385.50339	512.31099	157.68642	1481.58600	244.37928	21026.18355	98.21253	3306.04761	397.57918	207.89688
cg13892977	0	0	15.86118	0	0	0	0	0	0	0	0	0	0	0	0	0	16.53002	0	0	14.72515	0
cg13922421	0	0	0	0	0	0	0	0	0	0	0	0	0	0	0	0	16.53002	0	0	0	0
cg13952636	0	20.25891	0	0	0	0	0	0	0	0	0	0	0	0	0	0	0	0	0	0	0
cg13968233	0	40.51782	0	29.93922	0	0	0	0	0	18.14619	0	13.87501	0	0	28.22069	0	0	16.36876	14.43689	29.45031	0
cg13974838	0	0	0	0	0	0	0	0	0	0	0	0	0	0	0	0	0	0	0	0	0
cg14076183	0	0	0	0	0	0	13.43310	15.29169	0	0	0	0	0	0	0	0	0	0	0	0	0
cg14093252	42.13365	20.25891	95.16710	14.96961	89.90034	12.43858	26.86619	30.58338	21.04200	0	0	55.50006	31.04915	15.76864	14.11034	0	115.71013	16.36876	43.31067	44.17546	47.97620
cg14134549	14.04455	0	0	0	77.05743	24.87717	13.43310	30.58338	0	0	15.91191	41.62504	0	31.53728	14.11034	0	0	16.36876	57.74756	0	47.97620
cg14171369	0	0	0	0	0	0	0	0	0	0	0	0	0	0	0	20.36494	16.53002	0	0	0	0
cg14172482	0	0	0	0	12.84291	12.43858	13.43310	0	0	0	0	0	31.04915	0	14.11034	0	0	0	14.43689	14.72515	0
cg14252237	0	0	0	0	0	12.43858	0	0	0	0	15.91191	0	0	0	0	0	0	0	0	0	0
cg14252312	98.31185	162.07127	126.88946	104.78728	115.58615	87.07009	80.59858	198.79196	63.12600	54.43856	127.29529	55.50006	46.57373	63.07457	126.99309	244.37928	49.59006	147.31880	115.49511	103.07608	47.97620
cg14331765	126.40094	121.55345	1760.59130	44.90884	500.87332	149.26301	53.73239	198.79196	147.29400	1324.67155	79.55956	582.75058	139.72118	141.91778	239.87583	101.82470	1371.99154	114.58129	534.16490	191.42701	95.95241
cg14383403	0	0	0	0	0	0	0	0	0	0	0	0	0	0	0	0	0	0	0	0	0
cg14391978	14.04455	0	0	0	0	0	0	0	0	0	0	0	0	15.76864	0	0	0	0	0	0	0
cg14547188	0	0	0	0	0	0	0	0	0	0	15.91191	0	0	0	0	0	0	0	0	0	0
cg14550716	0	0	0	0	0	0	0	0	0	36.29237	0	0	0	0	0	0	0	0	0	0	0
cg14555167	0	0	0	0	0	0	0	0	0	18.14619	0	0	0	0	0	20.36494	0	16.36876	0	0	0
cg14575790	0	0	15.86118	0	0	0	0	0	0	18.14619	0	0	0	0	0	0	16.53002	0	0	0	0
cg14630042	0	0	0	0	0	0	0	15.29169	0	0	0	0	0	0	0	0	0	0	0	0	0
cg14652038	0	0	31.72237	14.96961	0	0	0	15.29169	0	0	15.91191	27.75003	15.52458	0	0	0	33.06004	16.36876	0	0	15.99207
cg14664187	4550.43398	202.58909	8041.61974	823.32864	4238.15884	5734.18745	1732.86944	2798.37908	84.16800	4046.59940	461.44544	2622.37762	2654.70239	1198.41683	3922.67532	81.45976	5025.12563	867.54403	3493.72717	3121.73286	1631.19093
cg14730193	0	0	63.44473	14.96961	0	24.87717	26.86619	0	0	54.43856	0	27.75003	0	0	0	0	49.59006	0	14.43689	44.17546	15.99207
cg14736651	0	0	0	0	0	0	0	0	0	0	0	0	0	0	0	0	0	0	0	0	0
cg14857865	0	0	0	0	0	0	0	0	0	0	0	0	0	0	0	0	0	0	0	0	0
cg14900145	0	0	0	0	0	0	0	0	0	0	0	13.87501	0	0	0	0	0	0	0	0	0
cg14933993	0	0	15.86118	0	0	0	0	0	0	0	0	0	0	0	0	0	0	0	0	0	0
cg14959168	0	0	0	0	0	12.43858	0	15.29169	0	0	0	0	0	0	0	0	0	0	0	0	0
cg14984570	14.04455	0	0	0	38.52872	24.87717	26.86619	0	0	18.14619	0	27.75003	15.52458	15.76864	0	20.36494	16.53002	0	0	14.72515	0
cg15016701	0	0	0	0	0	0	0	0	0	0	0	0	0	0	0	0	0	0	0	0	0
cg15031965	0	0	31.72237	0	25.68581	0	13.43310	30.58338	0	18.14619	0	0	0	0	0	0	0	0	14.43689	0	0
cg15034643	519.64832	162.07127	634.44732	194.60495	654.98818	211.45594	241.79574	412.87560	126.25200	925.45547	206.85485	471.75047	326.01608	268.06692	310.42754	81.45976	495.90056	147.31880	692.97068	250.32763	239.88102
cg15043615	56.17820	0	31.72237	0	12.84291	0	0	15.29169	0	18.14619	0	0	0	0	0	0	0	0	14.43689	14.72515	0
cg15078203	1572.98952	1823.30180	2363.31626	688.60214	1720.94935	1492.63014	805.98579	1620.91903	1346.68799	2195.68847	620.56455	1567.87657	1257.49061	898.81262	1481.58600	1425.54578	2148.90241	687.48772	1775.73736	1678.66767	1359.32577
cg15144984	0	0	0	0	0	0	0	0	0	0	0	0	0	0	0	0	0	0	0	0	0
cg15147732	0	0	0	29.93922	0	12.43858	13.43310	15.29169	0	18.14619	15.91191	13.87501	0	15.76864	0	0	0	0	14.43689	14.72515	31.98414
cg15167636	0	0	0	0	0	0	0	0	0	0	0	0	0	0	0	0	0	0	0	0	0
cg15174565	14.04455	81.03564	111.02828	29.93922	0	0	13.43310	0	42.08400	54.43856	47.73573	13.87501	0	0	14.11034	183.28446	49.59006	0	0	0	0
cg15192103	0	0	0	0	0	0	0	0	0	0	0	0	0	0	0	0	0	0	0	0	0
cg15238183	0	0	31.72237	14.96961	12.84291	0	0	0	0	0	31.82382	0	0	0	0	0	0	0	0	14.72515	15.99207
cg15252682	0	0	0	0	0	0	0	15.29169	0	18.14619	0	0	0	0	0	0	0	0	0	14.72515	0
cg15355388	28.08910	465.95490	47.58355	44.90884	38.52872	49.75434	0	30.58338	673.34399	72.58474	31.82382	27.75003	0	31.53728	14.11034	366.56891	82.65009	65.47502	72.18445	29.45031	47.97620
cg15408889	1769.61321	3504.79123	4060.46283	2035.86719	1502.61995	1816.03334	1652.27086	1575.04396	3198.38397	2721.92785	2132.19616	1651.12665	1893.99820	1529.55832	1608.57909	3238.02542	2777.04311	1735.08806	1674.67914	1899.54499	1759.12747
cg15451967	0	0	0	0	0	0	0	0	21.04200	0	0	0	0	0	0	0	0	0	0	0	0
cg15531449	0	0	31.72237	0	12.84291	0	0	0	0	0	0	27.75003	0	0	0	40.72988	16.53002	16.36876	14.43689	0	0
cg15540410	0	0	15.86118	0	0	0	0	0	0	0	0	0	0	0	0	20.36494	0	0	0	0	0
cg15542639	0	0	0	0	0	0	0	0	0	0	0	0	0	0	0	0	16.53002	0	0	0	0
cg15613077	0	0	0	0	0	0	0	0	0	0	0	0	0	0	0	0	0	0	0	0	0
cg15634144	1629.16772	2593.14033	2759.84583	1407.14350	2067.70780	1567.26165	1128.38010	1789.12761	1935.86398	2359.00414	1304.77676	2081.25208	1723.22787	1072.26769	1919.00663	2158.68361	2165.43243	1358.60669	1963.41692	1281.08848	1359.32577
cg15635946	0	0	0	14.96961	0	0	0	0	0	0	0	0	0	0	0	0	16.53002	16.36876	0	0	0
cg15660307	0	0	0	0	0	0	0	0	0	0	0	0	0	0	0	0	16.53002	0	0	0	0
cg15663074	14.04455	0	0	0	0	0	0	0	0	0	15.91191	0	0	0	0	0	0	0	0	0	0
cg15678767	5477.37423	7516.05519	6027.24951	6900.99099	5381.17744	4689.34635	5870.26315	5994.34208	6123.22195	5552.73282	7383.12701	4648.12965	5480.17512	6197.07649	5122.05447	6333.49625	5256.54589	7104.03981	5558.20232	5698.63498	6060.99375
cg15750494	0	0	0	0	0	0	0	0	0	0	0	0	0	0	0	0	0	0	0	0	0
cg15781627	0	0	0	0	0	0	0	0	0	0	0	0	0	0	0	0	0	0	0	0	0
cg15782819	0	0	0	0	0	0	0	0	0	0	0	0	0	0	0	0	0	0	0	0	0
cg15803972	0	0	0	0	0	0	0	0	0	0	0	0	0	0	0	0	0	0	0	0	0
cg15822656	4171.23115	992.68653	5916.22123	808.35903	3904.24330	2910.62877	1531.37300	3532.38015	441.88200	6605.21158	795.59558	4273.50427	2794.42357	1671.47610	3753.35121	590.58325	6330.99709	769.33150	4013.45518	2473.82604	1471.27025
cg15828854	28.08910	0	31.72237	0	0	0	0	0	0	0	0	0	0	0	0	0	0	0	0	29.45031	15.99207
cg15848159	0	0	0	0	0	0	0	0	0	0	0	0	0	0	0	0	0	0	0	0	0
cg15962267	0	20.25891	0	0	0	0	0	0	0	0	0	0	0	0	0	0	0	0	0	0	0
cg15971002	0	20.25891	0	0	0	0	0	0	0	18.14619	0	13.87501	15.52458	15.76864	0	0	0	0	14.43689	0	15.99207
cg16041704	28.08910	0	126.88946	0	51.37162	37.31575	26.86619	15.29169	0	36.29237	0	111.00011	31.04915	0	14.11034	0	82.65009	0	72.18445	14.72515	63.96827
cg16110131	14.04455	0	0	0	0	0	0	0	0	0	0	0	0	0	0	0	0	16.36876	0	0	0
cg16178065	0	0	0	0	0	0	0	0	0	0	0	0	0	0	0	0	0	0	0	0	0
cg16239717	0	0	0	0	0	0	0	0	0	0	0	0	0	0	0	0	0	0	0	0	0
cg16244683	0	0	0	0	0	0	0	0	0	0	0	0	0	0	0	0	0	0	0	0	0
cg16270399	0	0	0	0	0	0	0	0	0	0	0	0	0	0	0	0	0	0	0	0	0
cg16270721	0	0	0	0	0	0	0	0	0	0	0	0	0	0	0	0	16.53002	0	0	0	0
cg16297799	0	0	0	14.96961	0	0	0	0	0	0	0	0	0	0	0	0	0	0	14.43689	14.72515	0
cg16368573	0	0	0	0	0	0	0	0	0	0	0	0	0	15.76864	0	0	0	0	0	0	15.99207
cg16375198	0	0	0	0	0	0	0	0	0	0	0	0	0	0	0	0	0	0	0	0	0
cg16403565	0	0	0	0	51.37162	0	0	15.29169	0	0	0	0	0	15.76864	0	0	0	0	28.87378	29.45031	0
cg16411818	0	0	0	0	0	0	0	0	21.04200	0	0	13.87501	0	0	0	0	16.53002	0	0	0	0
cg16436462	0	0	15.86118	0	0	12.43858	13.43310	0	0	0	0	13.87501	0	15.76864	14.11034	0	16.53002	16.36876	0	14.72515	0
cg16456182	14.04455	0	31.72237	0	0	12.43858	13.43310	0	0	0	0	0	0	31.53728	14.11034	0	16.53002	0	14.43689	14.72515	0
cg16485845	84.26730	0	428.25194	14.96961	102.74324	49.75434	26.86619	107.04182	0	235.90041	0	152.62515	31.04915	31.53728	98.77240	40.72988	479.37054	16.36876	158.80578	0	31.98414
cg16504278	0	0	0	0	0	0	0	0	0	0	0	0	0	0	0	0	16.53002	0	0	0	0
cg16543948	0	0	0	0	0	0	0	15.29169	0	0	0	0	0	0	0	0	0	0	0	0	0
cg16617297	0	0	0	0	0	0	0	0	0	0	0	0	0	0	0	0	0	0	0	0	0
cg16669300	0	0	31.72237	0	38.52872	12.43858	0	15.29169	0	18.14619	15.91191	41.62504	31.04915	0	14.11034	0	82.65009	0	43.31067	29.45031	15.99207
cg16698281	0	0	15.86118	0	0	0	0	0	0	0	0	0	0	0	0	20.36494	0	0	0	0	15.99207
cg16755880	14.04455	0	0	14.96961	0	0	0	15.29169	0	18.14619	15.91191	13.87501	0	0	28.22069	0	16.53002	16.36876	0	0	15.99207
cg16797818	42.13365	0	348.94602	14.96961	64.21453	49.75434	13.43310	76.45844	0	163.31567	0	83.25008	31.04915	31.53728	84.66206	40.72988	380.19043	16.36876	72.18445	0	15.99207
cg16805334	0	0	0	0	0	0	0	0	0	0	0	0	0	0	0	0	0	0	0	0	0
cg16842039	14.04455	0	0	14.96961	12.84291	37.31575	0	0	0	36.29237	31.82382	13.87501	15.52458	31.53728	0	0	16.53002	16.36876	0	14.72515	31.98414
cg16846332	0	0	0	0	0	0	0	0	0	0	0	0	0	0	0	0	0	0	0	14.72515	0
cg16859420	0	0	0	0	0	0	0	0	0	18.14619	0	0	0	0	0	0	0	0	0	0	0
cg16860151	0	0	15.86118	0	0	0	13.43310	0	0	0	15.91191	0	0	15.76864	0	0	0	0	0	0	0
cg16876710	0	0	15.86118	0	0	0	0	0	0	0	15.91191	0	0	0	0	0	0	0	0	0	15.99207
cg16912114	0	20.25891	15.86118	0	12.84291	0	0	15.29169	0	0	0	13.87501	15.52458	0	0	40.72988	16.53002	0	0	14.72515	0
cg16961769	0	0	0	0	0	0	0	0	21.04200	0	0	0	0	0	14.11034	0	0	0	0	0	0
cg16969681	0	0	0	0	12.84291	0	0	0	0	0	0	0	0	0	0	0	0	0	0	0	0
cg17041776	0	0	0	0	0	0	0	0	0	0	0	0	0	0	0	0	16.53002	0	0	0	0
cg17091056	0	0	0	0	0	0	0	0	0	0	0	0	0	0	0	0	0	0	0	0	0
cg17095647	0	0	0	0	0	0	0	0	0	0	0	0	0	0	0	0	0	0	0	0	0
cg17107853	14.04455	0	15.86118	0	12.84291	12.43858	13.43310	15.29169	0	54.43856	0	0	0	0	0	0	49.59006	16.36876	0	14.72515	0
cg17117905	0	0	0	0	0	0	0	0	0	0	0	0	0	0	0	0	0	0	0	0	0
cg17136255	0	0	0	0	0	0	0	0	0	0	0	0	15.52458	0	0	0	16.53002	0	0	14.72515	0
cg17150663	0	0	0	0	0	0	13.43310	0	0	0	0	0	0	0	0	0	0	0	0	0	0
cg17189737	0	0	0	0	0	0	0	0	0	0	0	0	0	0	0	0	0	0	0	0	0
cg17224181	0	0	15.86118	0	25.68581	0	13.43310	30.58338	21.04200	18.14619	0	13.87501	0	0	0	0	0	0	14.43689	0	0
cg17280459	0	0	0	0	0	0	0	0	0	0	0	0	0	0	0	0	0	0	0	0	0
cg17284119	28.08910	0	0	0	0	0	13.43310	0	0	0	0	0	0	0	0	0	0	0	0	0	0
cg17304276	0	0	15.86118	0	0	0	0	0	0	0	0	0	0	0	0	0	0	0	0	0	0
cg17334836	0	0	15.86118	0	0	0	0	15.29169	0	18.14619	0	0	0	0	0	0	33.06004	0	0	14.72515	0
cg17343444	0	0	31.72237	0	25.68581	12.43858	13.43310	0	0	18.14619	0	0	0	0	0	0	49.59006	0	14.43689	0	0
cg17345557	28.08910	0	31.72237	0	12.84291	24.87717	26.86619	15.29169	21.04200	0	0	55.50006	31.04915	0	0	20.36494	16.53002	16.36876	72.18445	29.45031	0
cg17379926	0	0	0	0	0	0	0	0	0	0	0	0	0	0	0	0	0	0	0	0	0
cg17383678	0	0	0	0	0	0	0	0	0	0	0	0	0	0	0	0	0	0	0	0	0
cg17397607	0	0	0	0	0	0	26.86619	0	0	0	0	13.87501	0	0	14.11034	0	16.53002	0	0	0	0
cg17428739	0	0	0	0	0	0	0	0	0	0	0	13.87501	0	0	0	0	0	0	0	0	0
cg17451334	0	20.25891	0	0	0	0	0	0	0	0	0	0	0	0	0	0	0	0	0	0	0
cg17511604	12036.17876	9987.64207	14592.28829	14161.25266	13074.07788	9826.48175	8409.11839	13426.10291	9616.19392	14462.50998	15354.99475	11516.26152	11100.07141	8436.22373	11852.68802	9204.95275	15852.28775	14175.34211	13743.91846	11353.09449	9099.48665
cg17525197	14.04455	0	0	0	38.52872	12.43858	26.86619	0	0	0	0	27.75003	0	15.76864	14.11034	0	0	32.73751	28.87378	29.45031	15.99207
cg17573807	0	0	0	0	12.84291	0	0	0	0	0	0	0	0	0	0	0	0	0	0	0	0
cg17608044	0	0	31.72237	0	0	24.87717	0	0	0	0	0	0	0	0	0	20.36494	0	0	14.43689	0	15.99207
cg17632590	0	0	0	0	0	0	0	0	0	0	0	0	0	0	0	0	0	0	0	0	0
cg17654094	0	0	0	0	0	0	0	0	0	0	0	0	0	15.76864	0	0	16.53002	0	0	0	0
cg17656233	0	0	15.86118	29.93922	25.68581	49.75434	26.86619	15.29169	21.04200	36.29237	15.91191	0	46.57373	0	14.11034	20.36494	33.06004	16.36876	14.43689	0	47.97620
cg17692028	0	0	47.58355	0	12.84291	12.43858	0	15.29169	0	18.14619	0	0	31.04915	0	14.11034	0	33.06004	0	14.43689	0	15.99207
cg17730039	7738.54667	3241.42542	7375.45006	18652.13616	4957.36155	14801.91554	25401.98541	7768.17800	2882.75398	7095.15860	19858.06575	5966.25597	14872.54324	26444.01343	8889.51602	3299.12023	6645.06744	21132.06312	5399.39654	16109.31955	26578.81691
cg17741809	0	0	15.86118	0	12.84291	0	0	0	0	0	0	0	0	0	14.11034	0	0	0	0	0	0
cg17749454	28.08910	0	47.58355	29.93922	12.84291	12.43858	0	15.29169	21.04200	90.73093	0	41.62504	15.52458	0	14.11034	20.36494	49.59006	16.36876	43.31067	14.72515	15.99207
cg17815572	0	0	301.36248	0	64.21453	24.87717	0	30.58338	0	254.04660	0	69.37507	0	0	28.22069	20.36494	132.24015	0	28.87378	0	0
cg17819732	28.08910	0	95.16710	0	89.90034	12.43858	13.43310	15.29169	0	127.02330	0	55.50006	15.52458	0	14.11034	0	99.18011	0	57.74756	44.17546	0
cg17824540	0	0	0	0	0	0	0	0	0	0	0	0	0	0	0	0	0	0	0	0	0
cg17845070	0	0	0	0	0	0	0	0	0	0	0	0	0	0	0	0	0	0	0	0	0
cg17905865	0	0	0	0	0	0	0	0	0	0	0	0	0	0	0	0	16.53002	0	0	0	0
cg17952596	0	0	0	0	0	0	0	0	0	0	0	0	0	0	0	0	0	0	14.43689	0	0
cg17960012	14.04455	0	0	0	12.84291	0	0	0	0	0	0	0	0	0	14.11034	0	0	0	0	14.72515	0
cg18026754	0	0	0	0	12.84291	0	0	0	0	0	0	0	0	0	0	0	0	0	0	0	0
cg18044623	0	0	63.44473	0	12.84291	49.75434	0	45.87507	0	54.43856	0	83.25008	15.52458	15.76864	70.55171	0	132.24015	0	72.18445	14.72515	31.98414
cg18066182	14.04455	0	0	14.96961	38.52872	12.43858	13.43310	0	0	54.43856	0	27.75003	31.04915	0	14.11034	0	16.53002	0	14.43689	0	15.99207
cg18195352	14.04455	0	0	0	0	0	0	0	0	0	0	0	0	0	0	0	0	0	0	0	0
cg18281910	157453.44232	5247.05739	6011.38833	64578.90482	125231.17230	212189.81280	120024.71690	184585.97752	5007.99596	5498.29426	63313.49648	100912.97591	192070.04688	108125.58147	182587.83688	4317.36722	4942.47554	68994.30367	136486.34992	183740.48387	117237.85003
cg18295201	42.13365	0	0	0	12.84291	12.43858	0	0	0	18.14619	0	0	0	0	0	0	0	0	0	0	0
cg18312118	0	0	0	0	12.84291	0	0	0	0	0	15.91191	0	0	0	0	0	0	0	0	0	0
cg18335223	0	0	0	0	0	0	0	0	0	0	0	0	0	0	0	0	0	0	0	0	0
cg18363294	0	0	0	0	0	0	0	0	0	0	0	0	0	0	0	0	0	0	0	0	0
cg18385689	0	0	15.86118	0	12.84291	0	0	0	0	0	0	0	0	0	0	0	0	0	14.43689	0	0
cg18425869	28.08910	0	15.86118	0	102.74324	37.31575	40.29929	45.87507	0	72.58474	15.91191	27.75003	46.57373	31.53728	56.44137	0	16.53002	0	0	29.45031	15.99207
cg18488651	70.22275	20.25891	63.44473	14.96961	77.05743	24.87717	0	45.87507	21.04200	108.87711	15.91191	69.37507	0	0	14.11034	20.36494	49.59006	0	14.43689	58.90062	31.98414
cg18512336	0	0	63.44473	0	0	0	0	0	0	0	0	13.87501	0	0	0	0	0	0	14.43689	0	0
cg18513858	28.08910	0	63.44473	0	12.84291	24.87717	26.86619	30.58338	0	18.14619	0	0	15.52458	0	28.22069	0	16.53002	0	0	0	0
cg18741439	0	0	0	29.93922	12.84291	12.43858	0	0	0	0	0	0	15.52458	0	42.33103	0	0	0	0	0	0
cg18744828	0	0	0	0	0	0	0	0	0	0	0	0	0	0	0	0	0	0	0	0	0
cg18754118	84.26730	0	0	14.96961	0	37.31575	0	30.58338	0	18.14619	15.91191	27.75003	0	15.76864	0	20.36494	0	16.36876	0	0	15.99207
cg18756771	0	0	0	0	0	0	0	0	0	0	0	0	0	0	0	0	0	0	14.43689	0	0
cg18842353	0	0	0	0	0	0	0	0	0	0	0	13.87501	0	0	0	0	0	0	0	0	0
cg18962915	0	0	0	0	0	0	0	0	0	0	0	0	0	0	0	0	0	0	0	0	0
cg18986305	0	0	0	0	0	0	0	0	0	0	0	0	0	0	14.11034	0	0	0	0	0	0
cg19011380	0	0	0	0	0	0	0	0	0	0	0	13.87501	0	0	0	0	0	0	14.43689	0	0
cg19015086	14.04455	20.25891	0	29.93922	0	0	0	15.29169	0	0	15.91191	0	0	0	0	0	0	0	0	29.45031	0
cg19051802	42.13365	0	79.30591	14.96961	64.21453	37.31575	40.29929	15.29169	0	108.87711	15.91191	55.50006	31.04915	15.76864	56.44137	0	49.59006	0	14.43689	29.45031	31.98414
cg19258890	0	0	0	0	12.84291	0	0	0	0	0	0	0	0	0	0	0	0	0	0	0	0
cg19321522	70.22275	0	0	29.93922	179.80068	149.26301	26.86619	137.62520	0	0	15.91191	41.62504	124.19660	47.30593	28.22069	20.36494	0	16.36876	115.49511	132.52639	95.95241
cg19361800	646.04927	952.16872	967.53216	823.32864	1220.07603	957.77101	940.31675	1162.16836	673.34399	1270.23300	891.06705	1096.12610	978.04825	867.27534	987.72400	753.50277	1090.98122	802.06901	1140.51424	780.43321	767.61926
cg19376906	140.44549	182.33018	237.91774	209.57456	295.38683	223.89452	120.89787	107.04182	210.42000	163.31567	190.94294	194.25019	124.19660	94.61185	112.88274	366.56891	132.24015	294.63760	115.49511	132.52639	239.88102
cg19405779	0	0	0	0	0	0	0	0	0	0	0	0	0	0	0	0	0	0	0	0	0
cg19549040	0	0	0	0	0	0	0	0	0	0	0	0	0	0	0	0	0	0	0	0	0
cg19597478	14.04455	0	0	0	12.84291	12.43858	0	0	0	0	0	0	0	31.53728	0	0	16.53002	0	0	0	15.99207
cg19605110	0	0	0	0	0	0	0	0	0	0	0	0	0	15.76864	0	0	0	0	14.43689	0	0
cg19645639	2092.63785	1539.67707	745.47560	943.08554	1374.19090	1306.05137	940.31675	1942.04450	1641.27599	689.55506	827.41941	1332.00133	1645.60499	1135.34226	1721.46183	1853.20951	694.26078	982.12532	1458.12580	1884.81984	1631.19093
cg19710271	140.44549	2046.14979	856.50388	883.20709	102.74324	199.01735	268.66193	229.37533	1515.02399	816.57836	1034.27426	319.12532	279.44236	614.97706	183.43446	1893.93939	809.97091	867.54403	216.55334	323.95341	303.84929
cg19771748	56.17820	20.25891	158.61183	89.81767	38.52872	24.87717	26.86619	76.45844	0	199.60804	47.73573	83.25008	31.04915	47.30593	0	0	82.65009	16.36876	115.49511	29.45031	63.96827
cg19845127	0	0	0	0	0	0	0	0	0	0	0	0	0	0	0	0	0	0	0	0	0
cg19854915	0	0	0	0	0	0	0	0	0	18.14619	0	0	0	0	0	0	33.06004	0	0	0	0
cg19868495	0	0	0	0	0	0	0	0	0	0	0	0	0	0	0	0	0	0	0	0	0
cg19932420	42.13365	0	63.44473	14.96961	12.84291	37.31575	0	30.58338	0	108.87711	0	55.50006	15.52458	0	0	20.36494	82.65009	0	28.87378	29.45031	0
cg20002209	0	0	0	0	0	0	0	0	0	18.14619	0	0	0	0	0	0	16.53002	0	0	0	0
cg20012601	14.04455	0	0	0	0	0	0	0	0	0	0	27.75003	0	0	0	0	0	0	0	0	0
cg20087425	28.08910	40.51782	0	0	25.68581	0	0	15.29169	21.04200	0	0	13.87501	15.52458	15.76864	14.11034	20.36494	0	16.36876	28.87378	0	15.99207
cg20092482	14.04455	0	0	0	0	0	0	0	0	0	0	0	0	0	0	0	0	0	0	0	0
cg20122123	4269.54299	6260.00284	7153.39350	4026.82554	5214.21967	4129.61005	4406.05564	5780.25843	6586.14595	8256.51448	4869.04497	5133.75513	4595.27432	5014.42831	4487.08904	6720.43011	7835.22878	4992.47037	6106.80411	4505.89742	4669.68384
cg20124590	0	0	0	0	12.84291	0	0	0	0	18.14619	0	0	0	0	0	0	16.53002	0	0	0	0
cg20212210	0	20.25891	0	0	12.84291	0	0	0	0	18.14619	0	0	0	0	0	0	16.53002	0	0	0	0
cg20275066	0	0	0	0	12.84291	12.43858	0	0	0	18.14619	0	0	15.52458	0	0	0	0	0	0	0	0
cg20283498	42.13365	0	15.86118	0	0	12.43858	13.43310	30.58338	0	18.14619	0	27.75003	0	63.07457	14.11034	20.36494	0	0	0	44.17546	15.99207
cg20303331	42.13365	222.84800	111.02828	134.72651	64.21453	49.75434	53.73239	137.62520	42.08400	90.73093	63.64765	55.50006	62.09830	63.07457	70.55171	122.18964	49.59006	49.10627	144.36889	117.80124	47.97620
cg20370581	14.04455	20.25891	0	0	12.84291	0	0	0	0	0	0	13.87501	0	15.76864	28.22069	0	0	0	0	0	15.99207
cg20373544	42.13365	0	174.47301	0	166.95777	49.75434	0	76.45844	21.04200	199.60804	0	124.87512	93.14745	31.53728	70.55171	0	165.30019	0	245.42712	44.17546	31.98414
cg20503444	0	0	0	0	0	0	0	0	0	0	0	0	0	0	0	0	0	0	0	0	0
cg20517614	0	0	15.86118	14.96961	12.84291	0	0	0	0	18.14619	31.82382	41.62504	15.52458	0	0	0	49.59006	0	28.87378	0	0
cg20608895	0	0	0	0	0	0	13.43310	0	0	0	0	0	0	0	0	0	16.53002	0	0	14.72515	0
cg20616883	0	0	0	0	0	0	0	0	0	0	0	0	0	0	0	0	0	0	0	0	0
cg20619374	0	0	0	0	0	0	0	0	0	0	0	0	0	0	0	0	0	0	0	0	0
cg20636874	14.04455	0	0	0	0	24.87717	0	0	0	0	0	0	0	0	0	0	0	0	0	0	15.99207
cg20641865	561.78197	20.25891	412.39076	239.51379	282.54392	236.33311	201.49645	321.12547	63.12600	290.33897	206.85485	305.25031	357.06523	252.29828	423.31029	0	495.90056	261.90009	288.73778	294.50310	255.87309
cg20675879	0	0	0	0	0	0	0	0	0	0	0	0	0	0	0	0	0	0	0	0	0
cg20729622	0	0	0	0	0	0	0	0	0	0	0	0	0	0	0	0	0	0	0	0	0
cg20941275	0	0	0	14.96961	0	0	0	15.29169	0	0	0	13.87501	0	0	0	0	0	0	0	0	0
cg20968743	0	0	0	0	12.84291	0	13.43310	0	0	0	0	0	0	0	0	0	0	0	0	0	0
cg20992011	0	0	0	0	0	0	0	0	0	0	0	0	0	0	0	0	0	0	0	0	0
cg20993361	0	0	0	0	12.84291	12.43858	13.43310	0	0	0	15.91191	0	15.52458	0	0	0	0	49.10627	14.43689	0	15.99207
cg21020411	0	0	0	0	0	0	0	0	0	0	0	0	0	0	0	0	0	0	0	0	0
cg21055546	84.26730	0	0	59.87845	77.05743	24.87717	0	61.16676	0	0	0	13.87501	31.04915	31.53728	28.22069	0	0	16.36876	0	14.72515	0
cg21081729	0	0	0	0	12.84291	0	0	0	0	0	0	27.75003	0	15.76864	0	0	0	0	0	0	0
cg21129061	112.35639	20.25891	126.88946	104.78728	218.32939	37.31575	80.59858	91.75013	42.08400	199.60804	63.64765	69.37507	77.62288	110.38050	56.44137	0	82.65009	81.84378	187.67956	29.45031	63.96827
cg21194128	0	0	0	0	12.84291	0	13.43310	0	0	0	0	0	0	15.76864	0	20.36494	0	0	0	0	0
cg21209091	14.04455	40.51782	31.72237	0	25.68581	0	26.86619	0	21.04200	18.14619	31.82382	13.87501	31.04915	15.76864	0	0	49.59006	65.47502	28.87378	29.45031	0
cg21327469	14.04455	0	0	29.93922	0	0	13.43310	0	0	18.14619	31.82382	0	31.04915	0	0	0	0	0	0	0	31.98414
cg21364560	0	0	0	0	12.84291	0	0	0	0	0	0	0	0	0	0	0	0	0	0	0	0
cg21468244	70.22275	0	47.58355	0	12.84291	12.43858	13.43310	45.87507	0	18.14619	15.91191	13.87501	62.09830	0	14.11034	0	16.53002	16.36876	28.87378	29.45031	0
cg21567502	14.04455	0	0	0	0	0	0	0	0	0	0	0	0	0	0	0	0	0	0	0	0
cg21578847	0	0	0	14.96961	12.84291	12.43858	0	0	0	0	0	13.87501	0	0	0	0	0	16.36876	28.87378	44.17546	0
cg21654974	0	0	31.72237	0	0	0	0	0	0	54.43856	0	0	0	0	14.11034	0	0	0	0	0	0
cg21658898	0	0	0	0	0	0	0	0	0	0	0	0	0	0	0	0	0	0	0	0	0
cg21674813	0	0	15.86118	0	0	0	0	0	0	0	0	0	0	0	0	0	0	0	0	0	0
cg21727486	28.08910	243.10691	63.44473	0	12.84291	24.87717	0	0	126.25200	72.58474	31.82382	0	15.52458	0	14.11034	122.18964	82.65009	0	14.43689	0	0
cg21745164	0	0	0	0	0	0	0	0	0	0	0	0	0	0	0	0	0	0	0	0	0
cg21817212	0	0	0	0	0	12.43858	0	0	0	0	0	0	0	0	0	0	0	0	0	0	0
cg21825111	0	0	0	14.96961	0	0	0	0	0	0	0	0	0	0	0	0	0	0	0	0	0
cg21842905	0	0	0	0	0	0	0	0	0	0	0	0	0	0	0	0	0	0	0	0	0
cg21860785	0	0	0	0	0	0	0	0	0	0	0	0	0	0	0	0	0	0	0	0	0
cg21909680	0	0	0	0	0	0	0	0	0	0	0	0	0	0	0	0	0	0	0	0	0
cg21939233	0	0	0	0	0	24.87717	0	30.58338	0	0	0	0	31.04915	0	0	0	16.53002	0	0	0	31.98414
cg21946699	0	0	0	0	0	0	0	0	0	0	0	0	0	0	0	0	0	0	0	0	0
cg21971800	351.11373	405.17818	301.36248	538.90602	218.32939	410.47329	389.55980	290.54209	231.46200	235.90041	397.79779	305.25031	512.31099	252.29828	338.64823	407.29879	231.42026	311.00635	346.48534	368.12887	303.84929
cg21981500	0	0	0	0	0	0	0	0	0	0	0	0	0	0	0	0	0	0	0	0	0
cg22193146	0	0	0	0	0	0	0	0	0	0	0	0	0	0	0	0	0	0	0	0	0
cg22251024	0	0	0	0	0	0	0	0	0	0	0	0	0	0	0	0	0	0	0	0	0
cg22253096	0	0	0	0	0	0	13.43310	0	0	0	0	0	0	0	0	0	0	16.36876	0	0	0
cg22265636	0	0	0	0	0	0	0	0	0	0	0	0	0	0	0	0	0	0	0	0	0
cg22282414	0	0	15.86118	0	0	0	0	0	0	0	0	0	0	31.53728	0	20.36494	0	0	0	0	0
cg22313821	14.04455	0	47.58355	0	25.68581	0	0	15.29169	21.04200	0	0	0	0	0	14.11034	0	0	16.36876	0	0	0
cg22482700	14.04455	0	15.86118	0	0	24.87717	0	15.29169	0	36.29237	0	13.87501	0	31.53728	28.22069	0	16.53002	0	28.87378	0	31.98414
cg22571544	0	0	0	0	0	0	0	0	0	0	0	0	0	0	0	0	0	0	0	0	0
cg22585188	0	0	15.86118	0	0	12.43858	0	0	0	0	0	0	31.04915	0	0	0	0	0	0	14.72515	0
cg22638373	0	0	47.58355	14.96961	25.68581	0	0	0	0	0	0	13.87501	0	0	0	0	16.53002	0	0	0	0
cg22689909	28.08910	0	31.72237	0	0	24.87717	13.43310	0	0	54.43856	0	55.50006	15.52458	15.76864	0	0	33.06004	0	0	29.45031	31.98414
cg22810163	0	0	0	0	0	0	0	0	0	0	0	0	0	0	0	0	0	0	0	0	0
cg22818074	98.31185	121.55345	126.88946	29.93922	64.21453	37.31575	13.43310	91.75013	105.21000	72.58474	0	41.62504	31.04915	47.30593	56.44137	183.28446	66.12007	16.36876	86.62133	44.17546	47.97620
cg22825519	0	0	0	0	0	0	26.86619	15.29169	0	36.29237	0	0	0	0	14.11034	0	33.06004	16.36876	0	0	0
cg22830694	0	0	0	0	0	0	0	0	0	0	0	0	0	0	14.11034	0	0	0	0	0	0
cg22888214	0	0	0	0	0	0	0	0	0	0	0	0	0	0	0	0	0	0	0	0	0
cg22945457	0	0	0	0	0	0	0	15.29169	0	0	0	0	0	0	14.11034	0	0	0	0	0	0
cg22978474	14.04455	0	0	0	0	0	0	0	0	0	0	0	0	0	0	0	0	0	0	0	0
cg23004599	0	0	0	0	0	0	0	0	0	0	0	0	0	0	0	0	0	0	0	0	0
cg23011905	14.04455	0	222.05656	0	0	24.87717	0	15.29169	0	127.02330	0	13.87501	0	15.76864	14.11034	0	148.77017	0	14.43689	14.72515	15.99207
cg23020213	14.04455	60.77673	0	0	0	0	0	0	0	36.29237	0	13.87501	0	0	0	0	0	0	28.87378	0	0
cg23023970	0	0	0	0	0	0	0	0	0	0	0	0	0	0	0	0	0	0	0	0	0
cg23131454	0	0	0	0	0	0	0	0	0	0	0	0	0	0	0	0	0	0	0	0	0
cg23133513	14.04455	40.51782	31.72237	0	38.52872	37.31575	26.86619	30.58338	21.04200	0	31.82382	13.87501	0	0	42.33103	40.72988	16.53002	0	28.87378	29.45031	0
cg23149098	0	0	15.86118	0	0	0	0	0	0	18.14619	0	13.87501	15.52458	0	0	0	0	0	0	0	0
cg23300617	224.71279	121.55345	79.30591	673.63253	282.54392	335.84178	255.22883	244.66702	105.21000	127.02330	747.85985	180.37518	294.96693	331.14149	253.98617	40.72988	115.71013	523.80017	202.11645	412.30434	239.88102
cg23323203	0	0	0	0	0	0	0	0	0	0	0	0	0	0	0	0	0	0	0	0	0
cg23339693	0	0	15.86118	0	0	0	0	0	0	0	0	0	0	0	0	0	0	0	14.43689	0	15.99207
cg23371434	0	0	0	0	0	0	0	30.58338	0	0	15.91191	0	0	0	0	0	0	0	0	0	0
cg23381884	0	0	15.86118	29.93922	0	0	0	15.29169	21.04200	36.29237	0	0	15.52458	0	0	0	16.53002	16.36876	43.31067	0	0
cg23461741	0	0	0	0	0	0	0	0	0	0	0	0	0	0	0	0	0	16.36876	0	0	0
cg23462338	0	0	0	0	0	0	0	0	0	0	0	13.87501	0	0	0	0	0	0	14.43689	0	0
cg23502298	0	0	0	0	0	0	0	0	0	0	0	0	0	15.76864	0	0	0	0	0	14.72515	0
cg23638049	1432.54403	729.32072	1062.69926	1227.50816	1155.86150	995.08676	1114.94701	1009.25147	715.42799	961.74784	1623.01499	1234.87623	1071.19570	1072.26769	931.28263	590.58325	826.50093	1571.40051	1198.26180	1251.63817	1023.49235
cg23692577	14.04455	0	15.86118	14.96961	12.84291	0	40.29929	0	21.04200	0	0	0	15.52458	31.53728	0	0	16.53002	0	0	0	15.99207
cg23708967	0	0	0	0	0	0	0	0	0	0	0	0	0	0	0	0	0	16.36876	14.43689	0	0
cg23768127	505.60378	40.51782	2918.45766	14.96961	539.40203	298.52603	134.33096	458.75067	0	2794.51259	0	846.37585	232.86863	78.84321	380.97926	0	2743.98307	32.73751	678.53379	368.12887	143.92861
cg23769140	0	0	142.75065	14.96961	0	37.31575	53.73239	61.16676	42.08400	72.58474	0	55.50006	46.57373	15.76864	98.77240	20.36494	49.59006	0	14.43689	44.17546	79.96034
cg23789053	0	0	15.86118	0	0	0	0	0	0	0	0	13.87501	0	0	0	0	0	0	0	0	0
cg23924737	0	0	0	0	0	0	0	0	0	0	0	0	0	0	0	0	0	0	0	0	0
cg23932104	0	0	0	0	0	0	0	0	0	0	0	0	0	0	0	0	0	0	0	0	0
cg23936767	0	0	0	0	0	0	0	0	0	0	0	0	0	0	0	0	16.53002	0	0	0	0
cg23987137	0	0	0	0	0	0	0	0	0	0	0	0	0	0	0	0	0	0	0	0	0
cg23998524	0	0	15.86118	0	0	0	13.43310	0	0	0	0	0	0	0	0	0	16.53002	0	0	0	0
cg24025961	0	0	0	0	0	0	0	0	0	0	0	0	0	0	0	0	0	0	0	0	0
cg24085073	0	0	15.86118	14.96961	0	0	0	0	0	0	15.91191	13.87501	0	0	0	0	0	0	0	29.45031	15.99207
cg24115440	0	0	15.86118	0	0	0	26.86619	0	0	0	0	13.87501	0	0	0	0	0	0	0	14.72515	0
cg24119812	20547.17564	39687.20245	28518.40690	30313.46367	27419.60341	19876.85801	22836.26399	22570.53292	36528.91171	30013.79110	29262.00554	25044.40004	22479.58518	24567.54498	20008.46621	35394.26523	28547.34197	29545.60335	27502.27381	22190.80856	25459.37215
cg24159247	196.62369	202.58909	301.36248	194.60495	475.18751	186.57877	228.36264	336.41716	231.46200	453.65464	159.11912	374.62537	170.77033	110.38050	155.21377	142.55458	578.55065	147.31880	332.04845	191.42701	95.95241
cg24242856	14.04455	40.51782	79.30591	0	0	0	0	0	21.04200	72.58474	0	0	0	0	0	20.36494	82.65009	0	0	29.45031	15.99207
cg24281267	14.04455	0	0	0	12.84291	12.43858	0	0	0	18.14619	0	0	0	0	0	0	16.53002	0	0	0	0
cg24359048	0	0	0	0	0	0	0	0	0	0	0	0	0	0	0	0	0	0	0	0	0
cg24401753	0	0	0	0	0	12.43858	0	0	0	0	0	0	0	0	0	0	0	0	14.43689	0	0
cg24465367	0	0	0	0	0	0	0	0	0	0	0	0	0	0	0	0	0	0	0	0	0
cg24497582	42.13365	20.25891	111.02828	74.84806	51.37162	0	26.86619	15.29169	0	90.73093	0	27.75003	15.52458	15.76864	14.11034	20.36494	16.53002	0	28.87378	14.72515	31.98414
cg24500630	0	0	0	0	0	0	0	0	0	0	0	0	0	0	0	0	0	0	0	0	15.99207
cg24522804	98.31185	101.29454	126.88946	224.54418	38.52872	124.38584	188.06335	168.20858	210.42000	127.02330	111.38338	55.50006	139.72118	94.61185	155.21377	101.82470	66.12007	229.16257	129.93200	44.17546	175.91275
cg24589001	0	0	0	14.96961	12.84291	12.43858	26.86619	15.29169	0	0	79.55956	13.87501	46.57373	47.30593	14.11034	0	0	49.10627	43.31067	0	15.99207
cg24602499	14.04455	0	79.30591	0	38.52872	0	0	15.29169	0	127.02330	0	13.87501	0	0	14.11034	0	82.65009	16.36876	28.87378	0	0
cg24675730	28.08910	0	31.72237	29.93922	89.90034	12.43858	13.43310	15.29169	0	54.43856	0	13.87501	15.52458	47.30593	14.11034	0	16.53002	32.73751	86.62133	14.72515	15.99207
cg24688946	0	0	0	0	0	12.43858	0	0	0	0	15.91191	0	0	0	0	0	0	0	0	0	0
cg24780796	0	0	0	0	0	0	0	0	0	0	0	0	0	15.76864	0	0	0	0	0	0	0
cg24810917	0	60.77673	0	0	25.68581	0	0	15.29169	0	0	31.82382	0	46.57373	15.76864	0	81.45976	0	0	0	14.72515	31.98414
cg24836130	0	0	0	0	0	0	0	0	0	0	0	0	0	0	0	0	0	0	0	0	0
cg24868365	0	0	0	0	0	0	0	0	0	0	0	0	0	0	0	0	0	0	0	0	0
cg25024442	0	0	0	0	0	0	0	0	0	0	0	0	0	0	0	0	0	0	0	0	0
cg25145905	0	0	0	0	12.84291	0	0	0	0	0	0	0	0	0	0	0	0	0	0	0	0
cg25216039	0	0	0	0	0	0	0	0	0	0	0	0	0	0	0	0	0	0	0	0	0
cg25226555	0	0	0	0	0	0	0	0	0	18.14619	0	0	0	0	0	0	0	0	0	0	0
cg25254394	28.08910	101.29454	47.58355	29.93922	51.37162	62.19292	26.86619	76.45844	42.08400	36.29237	0	55.50006	108.67203	63.07457	98.77240	61.09482	33.06004	32.73751	101.05822	58.90062	47.97620
cg25255793	14.04455	0	0	0	0	0	0	0	0	0	0	0	0	0	0	0	0	0	0	0	0
cg25265969	28.08910	60.77673	47.58355	0	77.05743	0	13.43310	0	42.08400	108.87711	0	0	0	0	14.11034	20.36494	148.77017	0	57.74756	14.72515	0
cg25351437	0	0	0	0	0	0	0	0	21.04200	0	0	13.87501	0	0	0	0	16.53002	0	0	0	0
cg25407077	0	0	0	0	0	0	0	0	0	0	0	0	0	0	0	0	0	0	0	0	0
cg25422758	0	20.25891	0	14.96961	0	12.43858	26.86619	0	0	18.14619	0	13.87501	0	0	28.22069	0	0	0	0	0	15.99207
cg25436634	0	0	0	0	0	0	0	0	0	0	0	0	0	0	0	0	0	0	0	0	0
cg25449513	112.35639	81.03564	63.44473	104.78728	102.74324	62.19292	53.73239	45.87507	126.25200	72.58474	79.55956	0	15.52458	47.30593	98.77240	122.18964	99.18011	114.58129	57.74756	58.90062	47.97620
cg25492569	0	0	0	0	0	0	0	0	0	0	0	0	0	0	0	0	0	0	0	0	0
cg25520710	0	0	0	0	0	0	0	0	0	0	0	0	0	0	0	0	0	0	0	0	0
cg25712031	42.13365	0	15.86118	0	51.37162	12.43858	40.29929	15.29169	0	0	0	27.75003	31.04915	15.76864	0	0	66.12007	16.36876	14.43689	44.17546	15.99207
cg25722041	0	0	15.86118	0	0	0	0	0	0	0	0	13.87501	0	15.76864	0	0	0	0	0	0	0
cg25723806	0	101.29454	15.86118	14.96961	0	12.43858	13.43310	30.58338	126.25200	72.58474	0	41.62504	0	0	0	81.45976	16.53002	0	28.87378	14.72515	0
cg25759221	0	0	15.86118	0	0	0	0	0	21.04200	0	0	0	0	0	0	0	0	0	0	0	0
cg25766247	0	0	0	0	0	0	0	0	0	0	0	0	0	0	0	0	0	0	0	0	0
cg25773695	0	0	0	0	0	0	0	0	0	0	0	0	0	0	14.11034	0	16.53002	0	0	0	0
cg25790333	0	0	0	0	0	0	0	0	0	0	0	0	0	0	0	0	0	0	0	0	0
cg25811445	0	0	0	0	0	0	0	0	0	0	0	0	0	0	0	0	0	0	0	0	15.99207
cg25813965	0	0	0	0	0	0	0	0	0	0	0	0	0	0	0	20.36494	0	0	0	0	0
cg25833200	0	0	0	0	12.84291	12.43858	0	0	0	0	0	0	0	0	0	0	0	0	0	0	0
cg25957804	0	0	0	0	0	0	0	0	0	0	0	0	0	0	0	0	0	0	0	0	0
cg25961805	0	0	0	0	0	0	0	0	0	0	0	0	0	0	0	0	0	0	0	0	0
cg26020069	940.98480	2350.03343	2410.89980	1511.93078	1168.70441	833.38516	819.41888	810.45952	2377.74598	1959.78805	1400.24823	1054.50105	776.22877	804.20077	1001.83434	2545.61746	1801.77202	1522.29424	1140.51424	854.05899	1023.49235
cg26088680	0	0	0	0	0	0	0	0	0	0	0	0	0	0	0	0	33.06004	0	0	0	0
cg26096304	0	40.51782	47.58355	149.69612	51.37162	99.50868	94.03168	91.75013	84.16800	54.43856	63.64765	13.87501	62.09830	141.91778	56.44137	20.36494	49.59006	32.73751	28.87378	147.25155	175.91275
cg26120813	0	0	15.86118	0	0	0	0	15.29169	0	18.14619	0	0	0	0	0	0	0	0	0	0	0
cg26156279	0	0	0	0	0	0	0	0	0	0	0	0	0	0	0	0	0	0	0	0	0
cg26162564	0	0	15.86118	0	0	12.43858	0	0	0	0	15.91191	0	31.04915	15.76864	0	0	0	0	14.43689	14.72515	15.99207
cg26164712	0	0	0	0	0	0	0	15.29169	0	0	0	0	0	0	0	0	0	0	0	0	0
cg26195358	0	0	0	0	0	0	0	0	0	0	0	0	0	0	0	0	0	0	0	0	0
cg26199493	0	0	15.86118	0	12.84291	0	0	45.87507	0	36.29237	0	27.75003	0	15.76864	56.44137	0	49.59006	0	43.31067	0	0
cg26208507	0	0	0	0	0	0	0	0	0	0	0	0	0	0	0	0	0	0	0	0	0
cg26230145	42.13365	0	0	14.96961	0	24.87717	13.43310	0	0	0	0	13.87501	77.62288	15.76864	14.11034	20.36494	0	0	43.31067	0	15.99207
cg26237810	0	0	47.58355	0	0	0	13.43310	0	0	18.14619	0	0	15.52458	0	0	0	33.06004	16.36876	28.87378	0	0
cg26273742	0	0	0	0	0	0	0	0	0	18.14619	15.91191	0	0	0	0	0	0	0	0	0	0
cg26341453	14.04455	0	0	14.96961	0	0	13.43310	15.29169	21.04200	0	0	13.87501	0	0	0	0	16.53002	16.36876	0	0	0
cg26391634	0	0	0	0	0	0	0	0	0	0	0	0	0	0	0	0	0	0	0	0	0
cg26445933	70.22275	0	0	0	0	37.31575	0	30.58338	0	18.14619	0	13.87501	31.04915	31.53728	28.22069	0	0	16.36876	14.43689	14.72515	47.97620
cg26522361	42.13365	0	15.86118	0	51.37162	12.43858	40.29929	15.29169	0	0	0	27.75003	31.04915	15.76864	0	0	66.12007	16.36876	14.43689	44.17546	15.99207
cg26541587	0	0	0	0	0	0	0	0	0	0	0	0	0	0	0	0	0	0	0	0	0
cg26567163	28.08910	20.25891	158.61183	74.84806	25.68581	87.07009	40.29929	45.87507	0	108.87711	111.38338	97.12510	77.62288	15.76864	56.44137	0	132.24015	32.73751	86.62133	103.07608	63.96827
cg26603980	0	0	0	0	0	12.43858	0	0	0	0	0	0	0	0	0	0	0	0	0	0	0
cg26613239	0	0	0	0	0	0	0	0	0	0	0	0	0	0	0	0	0	0	0	0	0
cg26625211	0	0	0	0	0	0	0	0	0	0	0	0	0	0	0	0	0	0	0	0	0
cg26740709	0	0	0	0	0	0	0	0	0	0	0	0	0	0	0	0	0	0	0	0	0
cg26761982	0	0	0	0	0	0	0	0	0	0	0	0	0	0	0	0	0	32.73751	0	0	15.99207
cg26804299	14.04455	0	15.86118	0	0	12.43858	0	0	0	0	0	27.75003	0	0	14.11034	20.36494	0	0	0	0	0
cg26813604	42.13365	0	31.72237	0	0	12.43858	0	0	0	54.43856	0	13.87501	0	0	14.11034	0	0	0	0	14.72515	0
cg26837962	0	0	0	0	0	0	0	0	0	18.14619	0	0	0	15.76864	0	0	0	0	0	0	0
cg26886259	0	0	0	0	0	12.43858	0	0	0	0	0	0	0	0	0	0	0	0	0	0	0
cg26932379	800.53931	0	967.53216	374.24029	1027.43245	509.98196	255.22883	565.79249	84.16800	1469.84104	206.85485	985.12599	807.27792	346.91013	832.51023	20.36494	1223.22137	261.90009	1227.13558	662.63197	479.76204
cg26963795	28.08910	0	0	0	51.37162	12.43858	80.59858	15.29169	0	18.14619	15.91191	13.87501	77.62288	31.53728	14.11034	0	49.59006	16.36876	57.74756	58.90062	0
cg27032787	0	0	0	0	12.84291	0	0	0	0	0	15.91191	13.87501	0	0	0	0	0	0	0	0	0
cg27047353	0	0	0	0	0	0	0	0	0	0	0	0	0	0	0	0	0	0	0	0	0
cg27123273	28.08910	60.77673	0	29.93922	12.84291	49.75434	13.43310	45.87507	0	18.14619	31.82382	41.62504	108.67203	31.53728	14.11034	20.36494	82.65009	65.47502	14.43689	58.90062	63.96827
cg27138673	42.13365	20.25891	0	14.96961	0	37.31575	26.86619	0	0	0	0	0	31.04915	47.30593	28.22069	20.36494	82.65009	0	14.43689	14.72515	47.97620
cg27201301	0	0	47.58355	0	0	0	0	0	0	36.29237	0	13.87501	15.52458	0	0	0	33.06004	0	0	0	0
cg27209741	0	0	0	0	0	0	0	0	0	0	0	0	0	0	0	0	0	0	0	0	0
cg27245185	84.26730	60.77673	222.05656	179.63534	192.64358	62.19292	94.03168	107.04182	0	290.33897	95.47147	111.00011	186.29490	78.84321	126.99309	61.09482	231.42026	147.31880	187.67956	103.07608	63.96827
cg27255388	0	0	0	0	0	0	0	0	0	0	0	0	0	0	0	0	0	0	0	0	0
cg27276906	14.04455	0	0	0	12.84291	12.43858	0	0	0	0	0	0	0	15.76864	0	0	16.53002	0	0	0	15.99207
cg27289137	0	0	0	0	0	0	0	0	0	0	0	0	0	0	0	0	0	0	0	0	0
cg27306787	0	20.25891	0	0	0	0	0	0	0	0	0	0	0	0	14.11034	20.36494	0	0	0	0	0
cg27326481	28.08910	0	31.72237	0	12.84291	12.43858	53.73239	15.29169	21.04200	18.14619	15.91191	27.75003	31.04915	47.30593	28.22069	0	33.06004	16.36876	14.43689	44.17546	31.98414
cg27342910	0	0	0	14.96961	0	0	0	0	0	0	0	0	0	0	0	0	0	0	0	0	0
cg27406433	0	0	0	0	0	0	0	0	0	0	0	0	0	0	0	0	0	0	0	0	0
cg27438980	0	0	0	0	0	0	0	0	21.04200	0	0	0	0	0	0	0	0	0	14.43689	0	0
cg27446200	0	0	0	0	0	0	0	0	0	0	0	0	0	0	0	0	16.53002	0	0	0	0
cg27466720	0	0	0	0	0	0	0	0	0	0	0	0	0	0	0	0	0	0	0	0	0
cg27505743	0	0	0	0	12.84291	0	0	0	0	18.14619	0	0	0	0	0	0	0	16.36876	28.87378	14.72515	0
cg27515862	0	0	0	0	0	0	0	0	0	0	0	0	0	0	0	0	16.53002	0	0	0	0
cg27553971	14.04455	20.25891	444.11312	14.96961	115.58615	99.50868	13.43310	168.20858	0	598.82413	0	97.12510	46.57373	15.76864	0	20.36494	710.79080	32.73751	43.31067	117.80124	15.99207
cg27590090	14.04455	0	31.72237	14.96961	38.52872	0	0	30.58338	0	54.43856	31.82382	0	0	31.53728	0	0	0	0	14.43689	0	0
cg27635976	70.22275	0	206.19538	0	205.48649	62.19292	40.29929	76.45844	0	254.04660	15.91191	194.25019	108.67203	15.76864	84.66206	0	281.01031	49.10627	173.24267	147.25155	31.98414
cg27650500	0	0	0	0	0	0	0	15.29169	0	0	15.91191	0	0	0	0	0	0	0	0	0	0
ch.1.1047298R	0	60.77673	190.33420	0	12.84291	37.31575	0	15.29169	63.12600	108.87711	15.91191	0	0	15.76864	0	20.36494	115.71013	16.36876	0	0	31.98414
ch.1.173201084F	0	0	0	0	0	0	0	0	0	0	0	0	0	0	0	0	0	0	0	0	0
ch.1.196733536R	28.08910	0	126.88946	0	38.52872	37.31575	26.86619	15.29169	0	36.29237	0	111.00011	31.04915	0	14.11034	0	82.65009	0	72.18445	14.72515	15.99207
ch.1.2975077F	0	0	0	0	0	0	0	0	0	0	0	0	0	0	0	20.36494	0	0	0	0	0
ch.1.3958639R	0	0	15.86118	0	0	0	0	0	0	18.14619	0	0	0	0	0	0	0	0	0	0	0
ch.1.4359995F	0	0	15.86118	0	0	0	0	0	0	18.14619	0	13.87501	0	0	0	0	16.53002	0	0	0	0
ch.1.48110560R	14.04455	0	222.05656	14.96961	128.42906	24.87717	40.29929	15.29169	0	217.75423	0	111.00011	15.52458	15.76864	28.22069	0	99.18011	0	158.80578	14.72515	15.99207
ch.1.55746252R	42.13365	0	95.16710	0	128.42906	49.75434	40.29929	45.87507	0	90.73093	15.91191	55.50006	31.04915	63.07457	42.33103	0	49.59006	32.73751	72.18445	14.72515	31.98414
ch.10.1361226R	0	0	0	0	0	0	0	0	0	0	0	0	0	0	0	0	0	0	0	0	0
ch.10.1464434F	0	0	0	14.96961	0	0	0	0	0	0	0	0	0	0	0	0	0	0	0	0	0
ch.10.2610459F	0	0	0	0	0	0	0	0	0	0	0	27.75003	0	0	0	0	0	0	0	14.72515	0
ch.10.296387R	28.08910	0	31.72237	0	0	0	0	0	0	36.29237	0	0	0	0	14.11034	0	0	0	0	0	15.99207
ch.11.109687686R	126.40094	0	95.16710	59.87845	51.37162	87.07009	40.29929	45.87507	21.04200	127.02330	127.29529	69.37507	62.09830	78.84321	0	0	132.24015	65.47502	115.49511	88.35093	127.93654
ch.11.110379701F	0	0	0	0	12.84291	12.43858	13.43310	15.29169	0	0	0	0	0	15.76864	0	0	0	0	28.87378	0	0
ch.11.1222938R	14.04455	0	0	0	0	0	0	0	0	0	0	0	0	0	0	0	16.53002	0	0	0	0
ch.11.1416715R	42.13365	20.25891	63.44473	0	77.05743	12.43858	0	61.16676	0	54.43856	0	97.12510	15.52458	0	14.11034	0	66.12007	49.10627	57.74756	14.72515	0
ch.11.167001F	0	0	0	0	25.68581	0	0	0	0	72.58474	0	0	0	15.76864	0	0	16.53002	0	0	14.72515	0
ch.11.17063585R	0	0	0	0	12.84291	0	0	0	0	0	15.91191	13.87501	0	0	14.11034	20.36494	0	0	0	0	0
ch.11.80815632F	14.04455	0	0	0	12.84291	0	0	0	21.04200	0	0	0	0	0	0	0	0	16.36876	14.43689	0	0
ch.12.74372425F	14.04455	0	0	0	0	0	0	15.29169	0	0	0	0	0	0	14.11034	0	0	0	0	0	0
ch.12.921239R	14.04455	0	0	0	0	0	0	0	0	0	0	0	0	0	0	0	0	0	14.43689	0	0
ch.13.1320446R	0	0	47.58355	0	12.84291	12.43858	0	0	0	18.14619	0	13.87501	0	0	0	0	0	0	0	0	0
ch.13.1810252F	84.26730	0	47.58355	0	38.52872	24.87717	13.43310	15.29169	0	36.29237	0	55.50006	46.57373	31.53728	70.55171	20.36494	49.59006	0	43.31067	73.62577	15.99207
ch.13.80601193R	0	0	0	0	0	12.43858	13.43310	15.29169	0	18.14619	0	0	0	15.76864	0	0	33.06004	0	0	0	0
ch.14.1387929R	0	0	0	0	0	0	0	0	0	0	0	0	0	0	0	0	0	0	0	0	0
ch.14.556710R	112.35639	40.51782	15.86118	0	154.11487	99.50868	26.86619	76.45844	63.12600	18.14619	79.55956	97.12510	62.09830	47.30593	84.66206	40.72988	66.12007	49.10627	57.74756	132.52639	79.96034
ch.15.1497565F	0	0	15.86118	0	0	0	0	0	0	18.14619	0	0	0	0	0	0	0	0	0	0	0
ch.15.23688912F	0	0	15.86118	0	0	0	0	0	0	0	0	0	0	0	0	0	0	0	0	0	0
ch.15.31224719R	14.04455	81.03564	0	0	25.68581	0	26.86619	0	63.12600	0	31.82382	13.87501	31.04915	0	0	40.72988	16.53002	16.36876	28.87378	14.72515	15.99207
ch.15.84283968F	0	0	0	0	0	0	0	0	0	0	0	0	0	0	0	0	0	0	0	0	0
ch.15.865366R	0	0	0	0	0	0	0	0	0	0	0	0	0	0	0	0	0	0	0	0	0
ch.15.920727F	0	0	0	0	0	0	0	0	0	0	0	0	0	0	0	0	0	0	0	0	0
ch.16.1602018R	14.04455	40.51782	47.58355	0	0	0	13.43310	0	0	36.29237	0	0	15.52458	15.76864	28.22069	20.36494	0	0	0	0	0
ch.16.1711323F	42.13365	20.25891	0	0	38.52872	12.43858	13.43310	15.29169	21.04200	0	0	13.87501	0	0	0	0	0	0	0	14.72515	0
ch.16.48423040F	0	0	0	0	0	0	26.86619	0	0	0	0	0	15.52458	0	0	0	0	0	0	0	0
ch.16.74794652R	0	20.25891	0	0	0	0	13.43310	0	0	18.14619	0	13.87501	0	0	0	0	0	0	0	14.72515	0
ch.17.1247542F	0	0	0	0	0	0	0	0	0	0	0	0	0	0	0	0	0	0	0	0	0
ch.2.116320463R	0	0	0	0	0	0	0	0	0	18.14619	0	0	0	0	0	0	0	0	0	14.72515	0
ch.2.12307237R	0	0	15.86118	0	12.84291	0	0	0	0	0	0	0	0	0	0	0	0	0	0	0	0
ch.2.199792288R	126.40094	0	364.80721	74.84806	308.22973	199.01735	26.86619	229.37533	21.04200	163.31567	47.73573	180.37518	93.14745	47.30593	239.87583	81.45976	314.07035	32.73751	158.80578	176.70186	31.98414
ch.2.225756826F	0	0	0	0	0	0	0	0	0	0	0	0	0	0	0	0	0	0	0	0	0
ch.2.3077115F	0	0	0	0	25.68581	0	13.43310	0	0	18.14619	0	0	0	15.76864	0	20.36494	33.06004	0	0	0	0
ch.2.3132178R	0	0	0	0	0	0	0	0	0	0	0	0	0	0	0	0	0	0	0	0	0
ch.2.40690643F	0	0	0	0	0	0	0	0	0	0	0	0	0	0	0	0	0	0	0	0	0
ch.2.4636382R	0	0	0	0	12.84291	12.43858	26.86619	0	0	18.14619	15.91191	13.87501	46.57373	15.76864	0	0	0	16.36876	28.87378	73.62577	31.98414
ch.2.4756204R	0	0	0	0	0	0	0	0	0	0	0	0	0	0	0	0	0	0	0	0	0
ch.20.23942639F	0	0	0	0	0	0	0	0	0	0	0	0	0	0	0	0	0	0	0	0	0
ch.20.46106799F	0	0	0	0	0	0	0	0	0	0	0	0	0	0	0	0	0	0	0	0	0
ch.21.19455351R	0	0	0	0	0	0	0	0	0	0	0	0	0	0	0	0	0	0	0	0	0
ch.21.228978R	617.96017	0	1237.17227	14.96961	847.63177	360.71895	94.03168	565.79249	21.04200	871.01691	31.82382	610.50061	341.54066	94.61185	606.74474	0	909.15102	32.73751	750.71824	382.85403	95.95241
ch.21.27853252F	98.31185	0	301.36248	29.93922	115.58615	87.07009	53.73239	91.75013	0	217.75423	47.73573	194.25019	62.09830	94.61185	14.11034	0	214.89024	32.73751	115.49511	103.07608	79.96034
ch.21.40139802R	0	0	0	0	0	0	0	0	0	0	0	0	0	0	0	0	0	0	0	0	0
ch.21.43554353R	14.04455	0	63.44473	0	38.52872	12.43858	0	0	0	127.02330	0	55.50006	0	0	14.11034	0	99.18011	0	0	14.72515	0
ch.22.25752197R	0	20.25891	0	0	0	0	0	0	0	0	0	13.87501	0	0	0	0	0	0	0	0	0
ch.22.78028F	0	0	0	0	0	0	0	0	0	0	0	0	0	0	0	0	0	0	0	0	0
ch.3.151587F	0	0	15.86118	0	0	12.43858	0	15.29169	0	0	0	0	0	0	0	0	0	0	0	0	0
ch.3.24643237R	14.04455	0	31.72237	0	0	0	0	0	0	36.29237	0	13.87501	0	0	14.11034	0	49.59006	0	14.43689	0	0
ch.3.2741911R	28412.12325	3038.83633	21824.98771	8143.46876	28048.90578	18471.29797	14628.64205	27096.87285	3114.21598	23735.21086	8783.37523	27417.02742	19886.98109	15185.20271	27642.16170	2627.07722	21918.80455	8757.28410	29494.56451	21380.92503	15384.36935
ch.3.2859325R	0	0	0	0	0	0	0	0	0	0	0	0	0	0	0	0	0	0	0	0	0
ch.3.31448979F	0	0	0	0	12.84291	12.43858	0	15.29169	0	18.14619	0	41.62504	0	0	0	0	0	0	43.31067	14.72515	0
ch.4.10698657R	0	0	0	0	0	0	0	0	0	0	0	0	0	0	0	0	0	0	0	0	0
ch.4.131239304F	0	0	0	0	0	12.43858	0	0	0	0	15.91191	0	0	0	0	0	0	32.73751	0	0	0
ch.4.134822993R	0	0	0	0	0	0	0	0	0	18.14619	0	0	0	0	14.11034	0	0	0	0	0	0
ch.4.3207570F	28.08910	0	15.86118	0	0	12.43858	0	0	0	54.43856	0	13.87501	15.52458	0	14.11034	0	16.53002	0	0	0	31.98414
ch.4.60646130F	0	0	0	14.96961	0	0	0	0	0	0	0	0	0	0	0	0	0	0	0	0	0
ch.5.1325793F	0	0	0	0	12.84291	0	0	0	0	0	0	0	0	0	0	0	0	0	0	0	0
ch.5.2522686R	0	0	0	14.96961	0	12.43858	13.43310	0	0	0	0	0	15.52458	0	0	0	0	0	14.43689	14.72515	15.99207
ch.5.52085246F	70.22275	40.51782	158.61183	14.96961	51.37162	37.31575	26.86619	45.87507	21.04200	90.73093	31.82382	69.37507	31.04915	31.53728	56.44137	40.72988	115.71013	0	57.74756	0	15.99207
ch.6.106373286R	0	0	0	0	0	0	0	0	0	0	0	13.87501	0	0	0	0	0	0	14.43689	0	0
ch.6.139914509F	0	0	0	0	0	0	0	0	0	0	0	0	0	0	0	0	0	0	0	0	0
ch.6.144195587R	0	40.51782	0	0	0	12.43858	0	0	0	18.14619	0	55.50006	0	15.76864	0	0	0	0	28.87378	0	15.99207
ch.6.2322015F	0	0	0	0	0	0	0	0	0	0	0	0	0	0	0	0	0	0	0	0	0
ch.6.2574971F	0	0	0	0	0	0	0	0	0	0	0	0	0	0	0	0	0	0	0	0	0
ch.6.2988932R	28.08910	0	79.30591	14.96961	25.68581	12.43858	53.73239	0	21.04200	127.02330	31.82382	27.75003	0	0	28.22069	0	49.59006	32.73751	72.18445	44.17546	31.98414
ch.6.3068315F	0	0	0	0	0	0	0	0	0	0	0	0	0	0	0	0	0	0	0	0	0
ch.6.44639052F	0	20.25891	0	0	0	0	0	0	0	0	0	0	0	0	0	0	0	0	0	0	0
ch.6.47170703R	0	0	0	0	0	0	0	0	0	0	0	0	0	0	0	0	0	0	0	14.72515	0
ch.6.839713R	0	0	0	0	0	0	0	0	0	0	0	0	0	0	0	0	0	16.36876	0	0	0
ch.7.1264585R	84.26730	0	126.88946	29.93922	89.90034	24.87717	94.03168	76.45844	21.04200	127.02330	47.73573	55.50006	108.67203	94.61185	112.88274	20.36494	82.65009	98.21253	86.62133	73.62577	111.94448
ch.7.140705775R	0	0	0	0	0	0	0	0	0	0	0	0	0	0	0	0	0	0	0	0	0
ch.7.2011899F	28.08910	0	31.72237	0	12.84291	12.43858	26.86619	15.29169	0	72.58474	31.82382	55.50006	15.52458	0	56.44137	40.72988	16.53002	16.36876	43.31067	29.45031	15.99207
ch.7.2226368R	14.04455	0	79.30591	14.96961	115.58615	24.87717	13.43310	0	0	90.73093	0	152.62515	31.04915	47.30593	84.66206	0	82.65009	0	101.05822	14.72515	31.98414
ch.7.93764192R	0	0	0	0	0	0	0	0	0	0	0	0	0	0	0	0	0	0	14.43689	0	0
ch.7.990472R	1362.32128	20.25891	1490.95120	194.60495	1297.13346	684.12215	322.39432	749.29276	105.21000	1487.98723	206.85485	1498.50150	1024.62198	520.36520	1142.93777	20.36494	1537.29172	212.79382	996.14535	809.88352	463.76997
ch.8.122966174F	56.17820	0	142.75065	0	89.90034	37.31575	40.29929	91.75013	0	108.87711	0	27.75003	93.14745	47.30593	98.77240	0	115.71013	16.36876	72.18445	44.17546	31.98414
ch.8.1782311R	0	0	0	0	0	0	0	15.29169	0	0	0	0	0	0	0	0	0	0	0	0	0
ch.8.1820050F	0	0	0	14.96961	0	24.87717	0	0	0	0	0	0	0	0	28.22069	0	0	16.36876	0	0	15.99207
ch.8.2087691R	14.04455	0	15.86118	29.93922	38.52872	0	13.43310	0	0	0	15.91191	13.87501	15.52458	0	0	0	66.12007	16.36876	0	14.72515	31.98414
ch.8.253600F	0	0	0	0	0	0	0	0	0	0	0	0	0	0	0	0	0	0	0	0	0
ch.8.52143256F	28.08910	20.25891	63.44473	74.84806	12.84291	37.31575	0	45.87507	63.12600	54.43856	31.82382	13.87501	15.52458	78.84321	42.33103	20.36494	16.53002	49.10627	28.87378	88.35093	31.98414
ch.8.54126760R	0	0	0	0	0	0	0	0	0	0	0	0	0	0	0	0	0	0	0	0	0
ch.8.870369R	0	0	15.86118	14.96961	0	0	0	0	0	0	0	0	0	0	0	0	0	16.36876	0	0	0
ch.9.2793850R	0	20.25891	0	0	0	0	0	0	0	0	0	13.87501	0	0	0	0	0	0	0	0	0
ch.9.72278394R	0	0	0	0	0	0	0	0	0	0	0	0	0	0	0	0	0	0	0	0	0
